 0.1044        0
 0.1094       88
 0.1144      375
 0.1194     3855
 0.1244     3384
 0.1294     1816
 0.1344      894
 0.1394      547
 0.1444      408
 0.1494      368
 0.1544      394
 0.1594      394
 0.1644      435
 0.1694      482
 0.1744      530
 0.1794      601
 0.1844      645
 0.1894      687
 0.1944      775
 0.1994      765
 0.2044      734
 0.2094      691
 0.2144      671
 0.2194      583
 0.2244      513
 0.2294      439
 0.2344      377
 0.2394      313
 0.2444      273
 0.2494      237
 0.2544      182
 0.2594      166
 0.2644      173
 0.2694      137
 0.2744      138
 0.2794      156
 0.2844      137
 0.2894      138
 0.2944      133
 0.2994      134
 0.3044      139
 0.3094      127
 0.3144      141
 0.3194      142
 0.3244      130
 0.3294      111
 0.3345      114
 0.3395      113
 0.3445      114
 0.3495      113
 0.3545      107
 0.3595      105
 0.3645       95
 0.3695       95
 0.3745       98
 0.3795      101
 0.3845       96
 0.3895      100
 0.3945       80
 0.3995       79
 0.4045       87
 0.4095       86
 0.4145       79
 0.4195       89
 0.4245       95
 0.4295       83
 0.4345       73
 0.4395       73
 0.4445       75
 0.4495       86
 0.4545       88
 0.4595       85
 0.4645       83
 0.4695       76
 0.4745       79
 0.4795       87
 0.4845       85
 0.4895       81
 0.4945       81
 0.4995       86
 0.5045       94
 0.5095       70
 0.5145       89
 0.5195       81
 0.5245       65
 0.5295       81
 0.5345       76
 0.5395       68
 0.5445       78
 0.5495       76
 0.5545       71
 0.5595       58
 0.5645       62
 0.5695       57
 0.5745       74
 0.5795       69
 0.5845       59
 0.5895       73
 0.5945       64
 0.5995       70
 0.6045       61
 0.6095       50
 0.6145       82
 0.6195       53
 0.6245       64
 0.6295       52
 0.6345       59
 0.6395       48
 0.6445       69
 0.6495       58
 0.6545       64
 0.6595       59
 0.6645       49
 0.6696       58
 0.6746       54
 0.6796       55
 0.6846       52
 0.6896       64
 0.6946       58
 0.6996       62
 0.7046       54
 0.7096       53
 0.7146       65
 0.7196       48
 0.7246       61
 0.7296       54
 0.7346       64
 0.7396       58
 0.7446       69
 0.7496       45
 0.7546       48
 0.7596       53
 0.7646       56
 0.7696       58
 0.7746       53
 0.7796       56
 0.7846       57
 0.7896       56
 0.7946       58
 0.7996       45
 0.8046       52
 0.8096       42
 0.8146       42
 0.8196       49
 0.8246       44
 0.8296       54
 0.8346       50
 0.8396       44
 0.8446       51
 0.8496       52
 0.8546       72
 0.8596       72
 0.8646       46
 0.8696       52
 0.8746       49
 0.8796       59
 0.8846       57
 0.8896       33
 0.8946       32
 0.8996       46
 0.9046       48
 0.9096       60
 0.9146       58
 0.9196       49
 0.9246       60
 0.9296       50
 0.9346       51
 0.9396       48
 0.9446       58
 0.9496       49
 0.9546       58
 0.9596       47
 0.9646       46
 0.9696       42
 0.9746       56
 0.9796       60
 0.9846       50
 0.9896       35
 0.9946       50
 0.9996       47
 1.0047       45
 1.0097       52
 1.0147       47
 1.0197       38
 1.0247       46
 1.0297       42
 1.0347       57
 1.0397       41
 1.0447       51
 1.0497       44
 1.0547       45
 1.0597       50
 1.0647       49
 1.0697       50
 1.0747       56
 1.0797       53
 1.0847       53
 1.0897       45
 1.0947       46
 1.0997       33
 1.1047       47
 1.1097       46
 1.1147       50
 1.1197       50
 1.1247       38
 1.1297       52
 1.1347       37
 1.1397       42
 1.1447       50
 1.1497       49
 1.1547       41
 1.1597       49
 1.1647       42
 1.1697       48
 1.1747       35
 1.1797       33
 1.1847       46
 1.1897       49
 1.1947       40
 1.1997       46
 1.2047       43
 1.2097       47
 1.2147       41
 1.2197       49
 1.2247       52
 1.2297       57
 1.2347       42
 1.2397       46
 1.2447       40
 1.2497       43
 1.2547       49
 1.2597       55
 1.2647       37
 1.2697       40
 1.2747       29
 1.2797       46
 1.2847       50
 1.2897       45
 1.2947       53
 1.2997       44
 1.3047       51
 1.3097       33
 1.3147       44
 1.3197       43
 1.3247       56
 1.3297       51
 1.3348       44
 1.3398       56
 1.3448       48
 1.3498       62
 1.3548       67
 1.3598       70
 1.3648       63
 1.3698       93
 1.3748       74
 1.3798       60
 1.3848       87
 1.3898       87
 1.3948      103
 1.3998      106
 1.4048       96
 1.4098      140
 1.4148      139
 1.4198      161
 1.4248      203
 1.4298      205
 1.4348      235
 1.4398      292
 1.4448      326
 1.4498      361
 1.4548      413
 1.4598      436
 1.4648      467
 1.4698      524
 1.4748      572
 1.4798      611
 1.4848      605
 1.4898      654
 1.4948      667
 1.4998      672
 1.5048      667
 1.5098      655
 1.5148      612
 1.5198      564
 1.5248      524
 1.5298      528
 1.5348      498
 1.5398      470
 1.5448      431
 1.5498      375
 1.5548      362
 1.5598      269
 1.5648      252
 1.5698      237
 1.5748      211
 1.5798      166
 1.5848      135
 1.5898      135
 1.5948      119
 1.5998       90
 1.6048       74
 1.6098       68
 1.6148       56
 1.6198       54
 1.6248       48
 1.6298       40
 1.6348       48
 1.6398       29
 1.6448       41
 1.6498       33
 1.6548       40
 1.6598       30
 1.6648       37
 1.6699       39
 1.6749       38
 1.6799       41
 1.6849       36
 1.6899       43
 1.6949       38
 1.6999       30
 1.7049       42
 1.7099       40
 1.7149       36
 1.7199       44
 1.7249       51
 1.7299       52
 1.7349       32
 1.7399       41
 1.7449       47
 1.7499       44
 1.7549       48
 1.7599       41
 1.7649       51
 1.7699       38
 1.7749       31
 1.7799       39
 1.7849       40
 1.7899       31
 1.7949       34
 1.7999       41
 1.8049       41
 1.8099       35
 1.8149       43
 1.8199       36
 1.8249       37
 1.8299       54
 1.8349       50
 1.8399       46
 1.8449       51
 1.8499       44
 1.8549       40
 1.8599       48
 1.8649       35
 1.8699       51
 1.8749       44
 1.8799       50
 1.8849       32
 1.8899       43
 1.8949       45
 1.8999       43
 1.9049       44
 1.9099       38
 1.9149       43
 1.9199       29
 1.9249       39
 1.9299       24
 1.9349       42
 1.9399       25
 1.9449       44
 1.9499       40
 1.9549       29
 1.9599       45
 1.9649       53
 1.9699       52
 1.9749       36
 1.9799       52
 1.9849       60
 1.9899       42
 1.9949       50
 1.9999       53
  2.005       57
   2.01       50
  2.015       55
   2.02       43
  2.025       43
   2.03       46
  2.035       46
   2.04       52
  2.045       32
   2.05       50
  2.055       39
   2.06       54
  2.065       48
   2.07       44
  2.075       34
   2.08       51
  2.085       51
   2.09       39
  2.095       43
    2.1       46
  2.105       58
   2.11       44
  2.115       52
   2.12       40
  2.125       32
   2.13       38
  2.135       48
   2.14       52
  2.145       38
   2.15       43
  2.155       46
   2.16       35
  2.165       38
   2.17       47
  2.175       38
   2.18       49
  2.185       35
   2.19       36
  2.195       31
    2.2       37
  2.205       57
   2.21       54
  2.215       49
   2.22       42
  2.225       48
   2.23       55
  2.235       38
   2.24       39
  2.245       36
   2.25       37
  2.255       44
   2.26       31
  2.265       37
   2.27       70
  2.275       48
   2.28       48
  2.285       39
   2.29       43
  2.295       29
    2.3       48
  2.305       33
   2.31       31
  2.315       38
   2.32       43
  2.325       31
   2.33       47
 2.3351       34
 2.3401       45
 2.3451       44
 2.3501       48
 2.3551       40
 2.3601       37
 2.3651       43
 2.3701       43
 2.3751       29
 2.3801       50
 2.3851       43
 2.3901       39
 2.3951       49
 2.4001       41
 2.4051       42
 2.4101       33
 2.4151       40
 2.4201       41
 2.4251       45
 2.4301       58
 2.4351       41
 2.4401       46
 2.4451       46
 2.4501       46
 2.4551       50
 2.4601       40
 2.4651       47
 2.4701       42
 2.4751       51
 2.4801       25
 2.4851       29
 2.4901       39
 2.4951       51
 2.5001       35
 2.5051       47
 2.5101       45
 2.5151       36
 2.5201       50
 2.5251       39
 2.5301       39
 2.5351       47
 2.5401       39
 2.5451       43
 2.5501       49
 2.5551       45
 2.5601       40
 2.5651       47
 2.5701       33
 2.5751       58
 2.5801       49
 2.5851       48
 2.5901       64
 2.5951       46
 2.6001       42
 2.6051       45
 2.6101       51
 2.6151       38
 2.6201       46
 2.6251       40
 2.6301       36
 2.6351       57
 2.6401       46
 2.6451       39
 2.6501       35
 2.6551       47
 2.6601       43
 2.6651       40
 2.6702       47
 2.6752       47
 2.6802       39
 2.6852       49
 2.6902       42
 2.6952       45
 2.7002       60
 2.7052       40
 2.7102       50
 2.7152       44
 2.7202       45
 2.7252       35
 2.7302       41
 2.7352       39
 2.7402       51
 2.7452       41
 2.7502       41
 2.7552       42
 2.7602       27
 2.7652       37
 2.7702       40
 2.7752       48
 2.7802       31
 2.7852       45
 2.7902       34
 2.7952       56
 2.8002       39
 2.8052       49
 2.8102       44
 2.8152       56
 2.8202       42
 2.8252       40
 2.8302       43
 2.8352       38
 2.8402       48
 2.8452       49
 2.8502       33
 2.8552       42
 2.8602       46
 2.8652       42
 2.8702       54
 2.8752       33
 2.8802       44
 2.8852       60
 2.8902       58
 2.8952       49
 2.9002       42
 2.9052       41
 2.9102       53
 2.9152       40
 2.9202       47
 2.9252       58
 2.9302       37
 2.9352       31
 2.9402       45
 2.9452       39
 2.9502       46
 2.9552       33
 2.9602       56
 2.9652       52
 2.9702       57
 2.9752       53
 2.9802       49
 2.9852       58
 2.9902       61
 2.9952       42
 3.0002       50
 3.0053       24
 3.0103       59
 3.0153       50
 3.0203       53
 3.0253       53
 3.0303       48
 3.0353       54
 3.0403       41
 3.0453       38
 3.0503       51
 3.0553       57
 3.0603       62
 3.0653       54
 3.0703       62
 3.0753       68
 3.0803       53
 3.0853       46
 3.0903       36
 3.0953       58
 3.1003       55
 3.1053       48
 3.1103       72
 3.1153       64
 3.1203       48
 3.1253       71
 3.1303       66
 3.1353       53
 3.1403       62
 3.1453       70
 3.1503       68
 3.1553       45
 3.1603       49
 3.1653       58
 3.1703       57
 3.1753       59
 3.1803       56
 3.1853       72
 3.1903       53
 3.1953       57
 3.2003       68
 3.2053       68
 3.2103       64
 3.2153       71
 3.2203       68
 3.2253       66
 3.2303       72
 3.2353       71
 3.2403       76
 3.2453       72
 3.2503       66
 3.2553       52
 3.2603       67
 3.2653       88
 3.2703       70
 3.2753       60
 3.2803       78
 3.2853       73
 3.2903       70
 3.2953       64
 3.3003       67
 3.3053       89
 3.3103       77
 3.3153       84
 3.3203       80
 3.3253       70
 3.3303       81
 3.3354       91
 3.3404       97
 3.3454       87
 3.3504       99
 3.3554      103
 3.3604       79
 3.3654      104
 3.3704      106
 3.3754      107
 3.3804       91
 3.3854      113
 3.3904      110
 3.3954      122
 3.4004      107
 3.4054      114
 3.4104      139
 3.4154      125
 3.4204      119
 3.4254      133
 3.4304       94
 3.4354      129
 3.4404      128
 3.4454      129
 3.4504      160
 3.4554      134
 3.4604      143
 3.4654      162
 3.4704      128
 3.4754      168
 3.4804      167
 3.4854      188
 3.4904      147
 3.4954      182
 3.5004      208
 3.5054      177
 3.5104      175
 3.5154      201
 3.5204      228
 3.5254      209
 3.5304      180
 3.5354      203
 3.5404      188
 3.5454      217
 3.5504      236
 3.5554      230
 3.5604      228
 3.5654      257
 3.5704      238
 3.5754      265
 3.5804      270
 3.5854      258
 3.5904      263
 3.5954      306
 3.6004      312
 3.6054      322
 3.6104      331
 3.6154      333
 3.6204      360
 3.6254      380
 3.6304      364
 3.6354      372
 3.6404      409
 3.6454      419
 3.6504      392
 3.6554      410
 3.6604      415
 3.6654      435
 3.6705      470
 3.6755      465
 3.6805      433
 3.6855      486
 3.6905      476
 3.6955      483
 3.7005      485
 3.7055      470
 3.7105      496
 3.7155      469
 3.7205      480
 3.7255      486
 3.7305      531
 3.7355      552
 3.7405      569
 3.7455      537
 3.7505      615
 3.7555      562
 3.7605      602
 3.7655      614
 3.7705      621
 3.7755      637
 3.7805      666
 3.7855      682
 3.7905      703
 3.7955      675
 3.8005      689
 3.8055      681
 3.8105      675
 3.8155      724
 3.8205      822
 3.8255      806
 3.8305      765
 3.8355      800
 3.8405      845
 3.8455      863
 3.8505      828
 3.8555      889
 3.8605      863
 3.8655      942
 3.8705      908
 3.8755      980
 3.8805      919
 3.8855     1006
 3.8905     1045
 3.8955     1012
 3.9005     1036
 3.9055     1066
 3.9105     1122
 3.9155     1107
 3.9205     1097
 3.9255     1033
 3.9305     1103
 3.9355     1203
 3.9405     1227
 3.9455     1147
 3.9505     1248
 3.9555     1230
 3.9605     1237
 3.9655     1298
 3.9705     1281
 3.9755     1330
 3.9805     1282
 3.9855     1445
 3.9905     1320
 3.9955     1411
 4.0005     1403
 4.0056     1464
 4.0106     1555
 4.0156     1506
 4.0206     1497
 4.0256     1543
 4.0306     1632
 4.0356     1631
 4.0406     1621
 4.0456     1622
 4.0506     1709
 4.0556     1710
 4.0606     1769
 4.0656     1734
 4.0706     1849
 4.0756     1789
 4.0806     1737
 4.0856     1852
 4.0906     1900
 4.0956     1874
 4.1006     1860
 4.1056     1922
 4.1106     1995
 4.1156     2061
 4.1206     2050
 4.1256     1931
 4.1306     2032
 4.1356     2037
 4.1406     2059
 4.1456     2125
 4.1506     2170
 4.1556     2290
 4.1606     2135
 4.1656     2263
 4.1706     2302
 4.1756     2409
 4.1806     2312
 4.1856     2359
 4.1906     2356
 4.1956     2405
 4.2006     2382
 4.2056     2502
 4.2106     2449
 4.2156     2449
 4.2206     2573
 4.2256     2583
 4.2306     2590
 4.2356     2663
 4.2406     2722
 4.2456     2645
 4.2506     2716
 4.2556     2660
 4.2606     2792
 4.2656     2758
 4.2706     2874
 4.2756     2887
 4.2806     2846
 4.2856     2898
 4.2906     2950
 4.2956     2938
 4.3006     2990
 4.3056     3012
 4.3106     3147
 4.3156     3102
 4.3206     3098
 4.3256     3189
 4.3306     3214
 4.3357     3223
 4.3407     3287
 4.3457     3321
 4.3507     3312
 4.3557     3233
 4.3607     3384
 4.3657     3331
 4.3707     3484
 4.3757     3477
 4.3807     3513
 4.3857     3558
 4.3907     3571
 4.3957     3527
 4.4007     3570
 4.4057     3527
 4.4107     3651
 4.4157     3662
 4.4207     3730
 4.4257     3749
 4.4307     3592
 4.4357     3810
 4.4407     3788
 4.4457     3800
 4.4507     3825
 4.4557     4058
 4.4607     3998
 4.4657     3869
 4.4707     4005
 4.4757     4116
 4.4807     3957
 4.4857     3999
 4.4907     4080
 4.4957     4029
 4.5007     4128
 4.5057     4219
 4.5107     4338
 4.5157     4172
 4.5207     4198
 4.5257     4301
 4.5307     4279
 4.5357     4341
 4.5407     4356
 4.5457     4382
 4.5507     4389
 4.5557     4344
 4.5607     4385
 4.5657     4517
 4.5707     4479
 4.5757     4454
 4.5807     4512
 4.5857     4593
 4.5907     4684
 4.5957     4478
 4.6007     4668
 4.6057     4563
 4.6107     4602
 4.6157     4538
 4.6207     4759
 4.6257     4721
 4.6307     4611
 4.6357     4667
 4.6407     4619
 4.6457     4759
 4.6507     4770
 4.6557     4675
 4.6607     4693
 4.6657     4809
 4.6708     4666
 4.6758     4824
 4.6808     4916
 4.6858     4864
 4.6908     4733
 4.6958     4881
 4.7008     4866
 4.7058     4839
 4.7108     4855
 4.7158     4886
 4.7208     4906
 4.7258     4918
 4.7308     4859
 4.7358     4968
 4.7408     4896
 4.7458     4921
 4.7508     5079
 4.7558     5094
 4.7608     5000
 4.7658     4957
 4.7708     5050
 4.7758     4952
 4.7808     4928
 4.7858     4994
 4.7908     5036
 4.7958     5008
 4.8008     5056
 4.8058     5014
 4.8108     4989
 4.8158     4993
 4.8208     5044
 4.8258     4955
 4.8308     5086
 4.8358     5174
 4.8408     5120
 4.8458     5063
 4.8508     5052
 4.8558     4912
 4.8608     5012
 4.8658     5067
 4.8708     5026
 4.8758     4964
 4.8808     4973
 4.8858     5104
 4.8908     4917
 4.8958     4981
 4.9008     4955
 4.9058     5032
 4.9108     4792
 4.9158     4814
 4.9208     5117
 4.9258     4928
 4.9308     4891
 4.9358     4970
 4.9408     4854
 4.9458     4777
 4.9508     4912
 4.9558     4846
 4.9608     4880
 4.9658     4769
 4.9708     4752
 4.9758     4906
 4.9808     4786
 4.9858     4824
 4.9908     4749
 4.9958     4674
 5.0008     4625
 5.0059     4779
 5.0109     4695
 5.0159     4621
 5.0209     4708
 5.0259     4591
 5.0309     4632
 5.0359     4710
 5.0409     4576
 5.0459     4473
 5.0509     4503
 5.0559     4439
 5.0609     4535
 5.0659     4390
 5.0709     4362
 5.0759     4513
 5.0809     4394
 5.0859     4353
 5.0909     4239
 5.0959     4229
 5.1009     4330
 5.1059     4340
 5.1109     4246
 5.1159     4024
 5.1209     4077
 5.1259     4067
 5.1309     4064
 5.1359     4139
 5.1409     3993
 5.1459     3997
 5.1509     4051
 5.1559     3927
 5.1609     3849
 5.1659     3800
 5.1709     3921
 5.1759     3929
 5.1809     3711
 5.1859     3775
 5.1909     3731
 5.1959     3776
 5.2009     3617
 5.2059     3669
 5.2109     3495
 5.2159     3597
 5.2209     3489
 5.2259     3500
 5.2309     3488
 5.2359     3398
 5.2409     3437
 5.2459     3399
 5.2509     3389
 5.2559     3324
 5.2609     3244
 5.2659     3203
 5.2709     3181
 5.2759     3243
 5.2809     3135
 5.2859     3140
 5.2909     3079
 5.2959     3063
 5.3009     3012
 5.3059     3027
 5.3109     3060
 5.3159     2999
 5.3209     2973
 5.3259     2807
 5.3309     2784
  5.336     2872
  5.341     2747
  5.346     2750
  5.351     2733
  5.356     2656
  5.361     2592
  5.366     2538
  5.371     2545
  5.376     2505
  5.381     2491
  5.386     2515
  5.391     2378
  5.396     2401
  5.401     2282
  5.406     2356
  5.411     2305
  5.416     2246
  5.421     2199
  5.426     2181
  5.431     2169
  5.436     2106
  5.441     2037
  5.446     2089
  5.451     2017
  5.456     2034
  5.461     1888
  5.466     1962
  5.471     1913
  5.476     1797
  5.481     1787
  5.486     1856
  5.491     1744
  5.496     1765
  5.501     1685
  5.506     1625
  5.511     1652
  5.516     1613
  5.521     1676
  5.526     1544
  5.531     1506
  5.536     1562
  5.541     1498
  5.546     1406
  5.551     1377
  5.556     1316
  5.561     1365
  5.566     1392
  5.571     1406
  5.576     1298
  5.581     1301
  5.586     1211
  5.591     1234
  5.596     1194
  5.601     1139
  5.606     1197
  5.611     1163
  5.616     1091
  5.621     1056
  5.626     1053
  5.631     1013
  5.636     1023
  5.641     1021
  5.646     1016
  5.651      988
  5.656      948
  5.661      964
  5.666      943
 5.6711      929
 5.6761      907
 5.6811      895
 5.6861      859
 5.6911      896
 5.6961      845
 5.7011      852
 5.7061      815
 5.7111      782
 5.7161      788
 5.7211      774
 5.7261      727
 5.7311      713
 5.7361      754
 5.7411      695
 5.7461      697
 5.7511      646
 5.7561      642
 5.7611      627
 5.7661      622
 5.7711      647
 5.7761      610
 5.7811      569
 5.7861      603
 5.7911      617
 5.7961      531
 5.8011      574
 5.8061      564
 5.8111      528
 5.8161      520
 5.8211      462
 5.8261      478
 5.8311      518
 5.8361      467
 5.8411      487
 5.8461      421
 5.8511      478
 5.8561      449
 5.8611      450
 5.8661      438
 5.8711      412
 5.8761      464
 5.8811      412
 5.8861      411
 5.8911      415
 5.8961      390
 5.9011      399
 5.9061      418
 5.9111      462
 5.9161      413
 5.9211      435
 5.9261      449
 5.9311      420
 5.9361      411
 5.9411      380
 5.9461      393
 5.9511      393
 5.9561      404
 5.9611      376
 5.9661      410
 5.9711      398
 5.9761      365
 5.9811      404
 5.9861      431
 5.9911      370
 5.9961      388
 6.0011      397
 6.0062      444
 6.0112      401
 6.0162      397
 6.0212      381
 6.0262      402
 6.0312      368
 6.0362      373
 6.0412      358
 6.0462      384
 6.0512      363
 6.0562      344
 6.0612      408
 6.0662      376
 6.0712      412
 6.0762      373
 6.0812      402
 6.0862      392
 6.0912      392
 6.0962      385
 6.1012      401
 6.1062      399
 6.1112      424
 6.1162      410
 6.1212      415
 6.1262      423
 6.1312      402
 6.1362      458
 6.1412      451
 6.1462      399
 6.1512      453
 6.1562      419
 6.1612      408
 6.1662      439
 6.1712      445
 6.1762      377
 6.1812      343
 6.1862      356
 6.1912      354
 6.1962      356
 6.2012      287
 6.2062      275
 6.2112      284
 6.2162      255
 6.2212      242
 6.2262      265
 6.2312      204
 6.2362      196
 6.2412      162
 6.2462      148
 6.2512      143
 6.2562      142
 6.2612      118
 6.2662      126
 6.2712      103
 6.2762      104
 6.2812       93
 6.2862       94
 6.2912       91
 6.2962       82
 6.3012       94
 6.3062       62
 6.3112       84
 6.3162       81
 6.3212       86
 6.3262       82
 6.3312       76
 6.3363       90
 6.3413       93
 6.3463       84
 6.3513       93
 6.3563       95
 6.3613      108
 6.3663      112
 6.3713       99
 6.3763      103
 6.3813      111
 6.3863      139
 6.3913      127
 6.3963      125
 6.4013      139
 6.4063      144
 6.4113      120
 6.4163      132
 6.4213      155
 6.4263      159
 6.4313      165
 6.4363      182
 6.4413      191
 6.4463      204
 6.4513      139
 6.4563      213
 6.4613      201
 6.4663      225
 6.4713      211
 6.4763      225
 6.4813      253
 6.4863      245
 6.4913      262
 6.4963      275
 6.5013      306
 6.5063      303
 6.5113      326
 6.5163      300
 6.5213      342
 6.5263      336
 6.5313      339
 6.5363      353
 6.5413      357
 6.5463      364
 6.5513      408
 6.5563      440
 6.5613      421
 6.5663      473
 6.5713      486
 6.5763      482
 6.5813      500
 6.5863      531
 6.5913      536
 6.5963      605
 6.6013      627
 6.6063      651
 6.6113      671
 6.6163      688
 6.6213      679
 6.6263      777
 6.6313      747
 6.6363      762
 6.6413      776
 6.6463      777
 6.6513      847
 6.6563      804
 6.6613      815
 6.6663      890
 6.6714      747
 6.6764      818
 6.6814      863
 6.6864      803
 6.6914      897
 6.6964      792
 6.7014      785
 6.7064      751
 6.7114      668
 6.7164      650
 6.7214      672
 6.7264      593
 6.7314      607
 6.7364      564
 6.7414      522
 6.7464      484
 6.7514      462
 6.7564      444
 6.7614      401
 6.7664      391
 6.7714      338
 6.7764      297
 6.7814      301
 6.7864      245
 6.7914      205
 6.7964      179
 6.8014      168
 6.8064      178
 6.8114      153
 6.8164      121
 6.8214      109
 6.8264      105
 6.8314       71
 6.8364       60
 6.8414       61
 6.8464       64
 6.8514       45
 6.8564       48
 6.8614       34
 6.8664       31
 6.8714       33
 6.8764       27
 6.8814       24
 6.8864       20
 6.8914       17
 6.8964       16
 6.9014       13
 6.9064       11
 6.9114       13
 6.9164        9
 6.9214       13
 6.9264        5
 6.9314        9
 6.9364       12
 6.9414        9
 6.9464        8
 6.9514        5
 6.9564       14
 6.9614        9
 6.9664        7
 6.9714        5
 6.9764       10
 6.9814        8
 6.9864        8
 6.9914        7
 6.9964        7
 7.0014        7
 7.0065        8
 7.0115        8
 7.0165        7
 7.0215        6
 7.0265        9
 7.0315        7
 7.0365       11
 7.0415        3
 7.0465        7
 7.0515        9
 7.0565        7
 7.0615        8
 7.0665        8
 7.0715        4
 7.0765        5
 7.0815        5
 7.0865        8
 7.0915        7
 7.0965        5
 7.1015        6
 7.1065       10
 7.1115        7
 7.1165        6
 7.1215        5
 7.1265        9
 7.1315        5
 7.1365        4
 7.1415        7
 7.1465        6
 7.1515        6
 7.1565        6
 7.1615        6
 7.1665        8
 7.1715        5
 7.1765       13
 7.1815       10
 7.1865        6
 7.1915       10
 7.1965        3
 7.2015        5
 7.2065        4
 7.2115        9
 7.2165        7
 7.2215        2
 7.2265       11
 7.2315        4
 7.2365        5
 7.2415        7
 7.2465        5
 7.2515        5
 7.2565        2
 7.2615        3
 7.2665        6
 7.2715        1
 7.2765        6
 7.2815        6
 7.2865        9
 7.2915        4
 7.2965        3
 7.3015        6
 7.3065        3
 7.3115        6
 7.3165        6
 7.3215        4
 7.3265        6
 7.3315        8
 7.3366        6
 7.3416        2
 7.3466        3
 7.3516        0
 7.3566        5
 7.3616        2
 7.3666        3
 7.3716        5
 7.3766        3
 7.3816        2
 7.3866        1
 7.3916        3
 7.3966        2
 7.4016        4
 7.4066        2
 7.4116        5
 7.4166        2
 7.4216        1
 7.4266        3
 7.4316        4
 7.4366        1
 7.4416        1
 7.4466        2
 7.4516        1
 7.4566        3
 7.4616        2
 7.4666        0
 7.4716        0
 7.4766        4
 7.4816        2
 7.4866        2
 7.4916        1
 7.4966        3
 7.5016        1
 7.5066        2
 7.5116        1
 7.5166        0
 7.5216        1
 7.5266        4
 7.5316        1
 7.5366        0
 7.5416        2
 7.5466        2
 7.5516        2
 7.5566        2
 7.5616        1
 7.5666        2
 7.5716        0
 7.5766        1
 7.5816        1
 7.5866        3
 7.5916        0
 7.5966        0
 7.6016        3
 7.6066        2
 7.6116        0
 7.6166        2
 7.6216        2
 7.6266        0
 7.6316        2
 7.6366        0
 7.6416        2
 7.6466        0
 7.6516        1
 7.6566        1
 7.6616        1
 7.6666        0
 7.6717        1
 7.6767        1
 7.6817        0
 7.6867        1
 7.6917        1
 7.6967        4
 7.7017        1
 7.7067        2
 7.7117        0
 7.7167        1
 7.7217        4
 7.7267        1
 7.7317        2
 7.7367        0
 7.7417        0
 7.7467        2
 7.7517        2
 7.7567        2
 7.7617        2
 7.7667        1
 7.7717        0
 7.7767        4
 7.7817        0
 7.7867        1
 7.7917        3
 7.7967        4
 7.8017        0
 7.8067        3
 7.8117        4
 7.8167        0
 7.8217        1
 7.8267        0
 7.8317        2
 7.8367        1
 7.8417        1
 7.8467        2
 7.8517        3
 7.8567        4
 7.8617        4
 7.8667        1
 7.8717        2
 7.8767        2
 7.8817        1
 7.8867        3
 7.8917        1
 7.8967        2
 7.9017        1
 7.9067        0
 7.9117        1
 7.9167        2
 7.9217        1
 7.9267        2
 7.9317        3
 7.9367        0
 7.9417        1
 7.9467        3
 7.9517        3
 7.9567        4
 7.9617        2
 7.9667        1
 7.9717        3
 7.9767        4
 7.9817        4
 7.9867        1
 7.9917        1
 7.9967        0
 8.0017        3
 8.0068        3
 8.0118        1
 8.0168        2
 8.0218        2
 8.0268        4
 8.0318        4
 8.0368        0
 8.0418        3
 8.0468        1
 8.0518        3
 8.0568        1
 8.0618        2
 8.0668        2
 8.0718        3
 8.0768        4
 8.0818        3
 8.0868        4
 8.0918        4
 8.0968        3
 8.1018        2
 8.1068        1
 8.1118        4
 8.1168        3
 8.1218        3
 8.1268        0
 8.1318        1
 8.1368        3
 8.1418        2
 8.1468        5
 8.1518        3
 8.1568        6
 8.1618        1
 8.1668        5
 8.1718        3
 8.1768        3
 8.1818        2
 8.1868        2
 8.1918        0
 8.1968        4
 8.2018        5
 8.2068        2
 8.2118        4
 8.2168        2
 8.2218        7
 8.2268        4
 8.2318        4
 8.2368        2
 8.2418        4
 8.2468        3
 8.2518        3
 8.2568        5
 8.2618        2
 8.2668        4
 8.2718        3
 8.2768        2
 8.2818        2
 8.2868        1
 8.2918        3
 8.2968        5
 8.3018        5
 8.3068        5
 8.3118        0
 8.3168        5
 8.3218        3
 8.3268        3
 8.3318        2
 8.3369        2
 8.3419        1
 8.3469        2
 8.3519        2
 8.3569        8
 8.3619        2
 8.3669        3
 8.3719        5
 8.3769        1
 8.3819        4
 8.3869        2
 8.3919        3
 8.3969        4
 8.4019        2
 8.4069        1
 8.4119        3
 8.4169        1
 8.4219        2
 8.4269        2
 8.4319        5
 8.4369        0
 8.4419        1
 8.4469        1
 8.4519        4
 8.4569        2
 8.4619        1
 8.4669        4
 8.4719        1
 8.4769        3
 8.4819        1
 8.4869        2
 8.4919        0
 8.4969        0
 8.5019        1
 8.5069        1
 8.5119        2
 8.5169        3
 8.5219        0
 8.5269        1
 8.5319        0
 8.5369        1
 8.5419        2
 8.5469        2
 8.5519        1
 8.5569        0
 8.5619        1
 8.5669        3
 8.5719        1
 8.5769        3
 8.5819        0
 8.5869        2
 8.5919        0
 8.5969        1
 8.6019        1
 8.6069        2
 8.6119        1
 8.6169        2
 8.6219        0
 8.6269        3
 8.6319        0
 8.6369        2
 8.6419        0
 8.6469        0
 8.6519        1
 8.6569        0
 8.6619        1
 8.6669        2
  8.672        0
  8.677        1
  8.682        1
  8.687        2
  8.692        0
  8.697        3
  8.702        1
  8.707        0
  8.712        1
  8.717        0
  8.722        0
  8.727        1
  8.732        2
  8.737        2
  8.742        0
  8.747        1
  8.752        0
  8.757        0
  8.762        0
  8.767        2
  8.772        0
  8.777        0
  8.782        1
  8.787        0
  8.792        1
  8.797        2
  8.802        0
  8.807        1
  8.812        0
  8.817        3
  8.822        1
  8.827        2
  8.832        0
  8.837        3
  8.842        1
  8.847        2
  8.852        3
  8.857        2
  8.862        0
  8.867        1
  8.872        0
  8.877        0
  8.882        1
  8.887        1
  8.892        2
  8.897        1
  8.902        0
  8.907        1
  8.912        2
  8.917        0
  8.922        3
  8.927        1
  8.932        1
  8.937        0
  8.942        0
  8.947        1
  8.952        1
  8.957        1
  8.962        1
  8.967        0
  8.972        1
  8.977        1
  8.982        1
  8.987        2
  8.992        0
  8.997        0
  9.002        0
 9.0071        1
 9.0121        0
 9.0171        0
 9.0221        0
 9.0271        0
 9.0321        0
 9.0371        0
 9.0421        1
 9.0471        0
 9.0521        1
 9.0571        0
 9.0621        0
 9.0671        2
 9.0721        0
 9.0771        2
 9.0821        0
 9.0871        0
 9.0921        0
 9.0971        0
 9.1021        1
 9.1071        1
 9.1121        2
 9.1171        1
 9.1221        0
 9.1271        1
 9.1321        1
 9.1371        0
 9.1421        1
 9.1471        1
 9.1521        1
 9.1571        2
 9.1621        0
 9.1671        1
 9.1721        0
 9.1771        1
 9.1821        0
 9.1871        1
 9.1921        0
 9.1971        2
 9.2021        2
 9.2071        1
 9.2121        1
 9.2171        0
 9.2221        0
 9.2271        1
 9.2321        0
 9.2371        1
 9.2421        1
 9.2471        0
 9.2521        2
 9.2571        2
 9.2621        2
 9.2671        0
 9.2721        1
 9.2771        0
 9.2821        0
 9.2871        1
 9.2921        1
 9.2971        1
 9.3021        1
 9.3071        1
 9.3121        1
 9.3171        0
 9.3221        0
 9.3271        1
 9.3321        0
 9.3372        1
 9.3422        0
 9.3472        1
 9.3522        0
 9.3572        2
 9.3622        0
 9.3672        1
 9.3722        2
 9.3772        2
 9.3822        1
 9.3872        0
 9.3922        0
 9.3972        0
 9.4022        0
 9.4072        1
 9.4122        2
 9.4172        1
 9.4222        0
 9.4272        1
 9.4322        1
 9.4372        0
 9.4422        0
 9.4472        0
 9.4522        0
 9.4572        1
 9.4622        1
 9.4672        0
 9.4722        1
 9.4772        2
 9.4822        1
 9.4872        1
 9.4922        1
 9.4972        0
 9.5022        1
 9.5072        2
 9.5122        0
 9.5172        1
 9.5222        0
 9.5272        1
 9.5322        1
 9.5372        0
 9.5422        1
 9.5472        0
 9.5522        0
 9.5572        0
 9.5622        0
 9.5672        1
 9.5722        1
 9.5772        1
 9.5822        1
 9.5872        1
 9.5922        3
 9.5972        1
 9.6022        2
 9.6072        1
 9.6122        1
 9.6172        0
 9.6222        0
 9.6272        1
 9.6322        1
 9.6372        1
 9.6422        0
 9.6472        0
 9.6522        0
 9.6572        0
 9.6622        1
 9.6672        0
 9.6723        3
 9.6773        1
 9.6823        0
 9.6873        5
 9.6923        2
 9.6973        4
 9.7023        3
 9.7073        8
 9.7123        0
 9.7173        7
 9.7223        4
 9.7273        6
 9.7323        8
 9.7373       14
 9.7423        8
 9.7473       18
 9.7523       24
 9.7573       13
 9.7623       29
 9.7673       35
 9.7723       27
 9.7773       38
 9.7823       54
 9.7873       49
 9.7923       66
 9.7973       73
 9.8023       63
 9.8073       71
 9.8123       93
 9.8173      125
 9.8223      109
 9.8273      117
 9.8323      126
 9.8373      148
 9.8423      131
 9.8473      147
 9.8523      141
 9.8573      141
 9.8623      171
 9.8673      206
 9.8723      191
 9.8773      176
 9.8823      197
 9.8873      200
 9.8923      206
 9.8973      201
 9.9023      202
 9.9073      200
 9.9123      190
 9.9173      203
 9.9223      178
 9.9273      187
 9.9323      184
 9.9373      182
 9.9423      161
 9.9473      171
 9.9523      145
 9.9573      151
 9.9623      126
 9.9673      117
 9.9723       88
 9.9773       98
 9.9823       88
 9.9873       77
 9.9923       70
 9.9973       64
10.0023       65
10.0074       56
10.0124       35
10.0174       46
10.0224       33
10.0274       27
10.0324       34
10.0374       24
10.0424       24
10.0474       19
10.0524       13
10.0574       13
10.0624       12
10.0674       11
10.0724       10
10.0774        9
10.0824        7
10.0874       11
10.0924        5
10.0974        9
10.1024        4
10.1074        3
10.1124        4
10.1174        6
10.1224        3
10.1274        3
10.1324        5
10.1374        7
10.1424        6
10.1474        8
10.1524        5
10.1574        5
10.1624        7
10.1674        6
10.1724        6
10.1774        4
10.1824        8
10.1874        8
10.1924       12
10.1974        6
10.2024       10
10.2074       11
10.2124        5
10.2174       11
10.2224        8
10.2274        7
10.2324        4
10.2374        9
10.2424        6
10.2474        7
10.2524        9
10.2574        3
10.2624        4
10.2674        8
10.2724        5
10.2774        8
10.2824        4
10.2874        5
10.2924        3
10.2974        3
10.3024        4
10.3074        0
10.3124        1
10.3174        2
10.3224        1
10.3274        3
10.3324        0
10.3375        5
10.3425        5
10.3475        1
10.3525        2
10.3575        0
10.3625        1
10.3675        1
10.3725        0
10.3775        2
10.3825        1
10.3875        0
10.3925        0
10.3975        0
10.4025        0
10.4075        0
10.4125        0
10.4175        3
10.4225        0
10.4275        0
10.4325        0
10.4375        0
10.4425        1
10.4475        0
10.4525        0
10.4575        0
10.4625        0
10.4675        0
10.4725        3
10.4775        0
10.4825        0
10.4875        1
10.4925        1
10.4975        1
10.5025        1
10.5075        1
10.5125        0
10.5175        0
10.5225        2
10.5275        0
10.5325        0
10.5375        0
10.5425        0
10.5475        2
10.5525        0
10.5575        0
10.5625        0
10.5675        0
10.5725        0
10.5775        0
10.5825        0
10.5875        0
10.5925        0
10.5975        0
10.6025        0
10.6075        0
10.6125        0
10.6175        1
10.6225        0
10.6275        2
10.6325        1
10.6375        0
10.6425        0
10.6475        1
10.6525        3
10.6575        0
10.6625        1
10.6675        0
10.6726        0
10.6776        3
10.6826        0
10.6876        0
10.6926        0
10.6976        0
10.7026        1
10.7076        0
10.7126        1
10.7176        0
10.7226        0
10.7276        1
10.7326        0
10.7376        0
10.7426        0
10.7476        0
10.7526        0
10.7576        2
10.7626        0
10.7676        0
10.7726        0
10.7776        0
10.7826        0
10.7876        0
10.7926        0
10.7976        2
10.8026        1
10.8076        0
10.8126        0
10.8176        0
10.8226        0
10.8276        0
10.8326        0
10.8376        0
10.8426        1
10.8476        1
10.8526        2
10.8576        0
10.8626        1
10.8676        0
10.8726        0
10.8776        0
10.8826        2
10.8876        0
10.8926        0
10.8976        0
10.9026        0
10.9076        0
10.9126        0
10.9176        1
10.9226        0
10.9276        0
10.9326        0
10.9376        0
10.9426        0
10.9476        0
10.9526        1
10.9576        0
10.9626        0
10.9676        0
10.9726        0
10.9776        0
10.9826        0
10.9876        0
10.9926        1
10.9976        0
11.0026        0
11.0077        0
11.0127        0
11.0177        1
11.0227        0
11.0277        1
11.0327        0
11.0377        1
11.0427        0
11.0477        1
11.0527        0
11.0577        1
11.0627        0
11.0677        0
11.0727        2
11.0777        1
11.0827        0
11.0877        1
11.0927        0
11.0977        0
11.1027        0
11.1077        0
11.1127        2
11.1177        0
11.1227        0
11.1277        0
11.1327        1
11.1377        0
11.1427        1
11.1477        0
11.1527        0
11.1577        0
11.1627        0
11.1677        1
11.1727        0
11.1777        0
11.1827        0
11.1877        0
11.1927        0
11.1977        1
11.2027        0
11.2077        0
11.2127        0
11.2177        0
11.2227        0
11.2277        0
11.2327        0
11.2377        0
11.2427        2
11.2477        0
11.2527        0
11.2577        0
11.2627        1
11.2677        1
11.2727        0
11.2777        0
11.2827        0
11.2877        0
11.2927        1
11.2977        2
11.3027        0
11.3077        0
11.3127        0
11.3177        0
11.3227        0
11.3277        0
11.3327        0
11.3378        0
11.3428        1
11.3478        0
11.3528        0
11.3578        0
11.3628        1
11.3678        3
11.3728        1
11.3778        0
11.3828        1
11.3878        0
11.3928        0
11.3978        0
11.4028        0
11.4078        0
11.4128        0
11.4178        0
11.4228        0
11.4278        0
11.4328        0
11.4378        0
11.4428        0
11.4478        0
11.4528        0
11.4578        0
11.4628        0
11.4678        1
11.4728        0
11.4778        0
11.4828        0
11.4878        0
11.4928        0
11.4978        1
11.5028        0
11.5078        1
11.5128        0
11.5178        1
11.5228        0
11.5278        1
11.5328        1
11.5378        0
11.5428        1
11.5478        0
11.5528        0
11.5578        0
11.5628        0
11.5678        0
11.5728        0
11.5778        0
11.5828        1
11.5878        0
11.5928        0
11.5978        0
11.6028        0
11.6078        0
11.6128        0
11.6178        0
11.6228        0
11.6278        0
11.6328        0
11.6378        0
11.6428        1
11.6478        0
11.6528        1
11.6578        1
11.6628        2
11.6678        0
11.6729        0
11.6779        0
11.6829        0
11.6879        0
11.6929        0
11.6979        0
11.7029        0
11.7079        0
11.7129        0
11.7179        1
11.7229        0
11.7279        0
11.7329        1
11.7379        1
11.7429        1
11.7479        0
11.7529        0
11.7579        0
11.7629        1
11.7679        0
11.7729        2
11.7779        0
11.7829        0
11.7879        0
11.7929        0
11.7979        0
11.8029        0
11.8079        0
11.8129        0
11.8179        0
11.8229        1
11.8279        1
11.8329        1
11.8379        1
11.8429        0
11.8479        1
11.8529        0
11.8579        1
11.8629        0
11.8679        0
11.8729        1
11.8779        1
11.8829        0
11.8879        0
11.8929        0
11.8979        0
11.9029        1
11.9079        1
11.9129        0
11.9179        0
11.9229        0
11.9279        2
11.9329        0
11.9379        0
11.9429        0
11.9479        0
11.9529        1
11.9579        1
11.9629        0
11.9679        1
11.9729        1
11.9779        0
11.9829        1
11.9879        1
11.9929        0
11.9979        1
12.0029        0
 12.008        0
 12.013        0
 12.018        0
 12.023        1
 12.028        2
 12.033        1
 12.038        1
 12.043        0
 12.048        0
 12.053        0
 12.058        0
 12.063        0
 12.068        0
 12.073        0
 12.078        0
 12.083        0
 12.088        0
 12.093        0
 12.098        0
 12.103        1
 12.108        1
 12.113        1
 12.118        0
 12.123        0
 12.128        1
 12.133        0
 12.138        1
 12.143        0
 12.148        1
 12.153        1
 12.158        0
 12.163        1
 12.168        0
 12.173        0
 12.178        0
 12.183        0
 12.188        0
 12.193        1
 12.198        0
 12.203        1
 12.208        0
 12.213        0
 12.218        0
 12.223        2
 12.228        1
 12.233        0
 12.238        0
 12.243        0
 12.248        0
 12.253        0
 12.258        1
 12.263        0
 12.268        0
 12.273        0
 12.278        0
 12.283        1
 12.288        1
 12.293        1
 12.298        0
 12.303        0
 12.308        1
 12.313        0
 12.318        1
 12.323        0
 12.328        0
 12.333        1
12.3381        1
12.3431        0
12.3481        0
12.3531        0
12.3581        0
12.3631        1
12.3681        0
12.3731        0
12.3781        0
12.3831        1
12.3881        0
12.3931        0
12.3981        0
12.4031        0
12.4081        0
12.4131        0
12.4181        0
12.4231        0
12.4281        0
12.4331        1
12.4381        0
12.4431        0
12.4481        0
12.4531        0
12.4581        1
12.4631        0
12.4681        0
12.4731        0
12.4781        1
12.4831        0
12.4881        0
12.4931        0
12.4981        1
12.5031        1
12.5081        0
12.5131        1
12.5181        0
12.5231        2
12.5281        1
12.5331        0
12.5381        2
12.5431        1
12.5481        0
12.5531        0
12.5581        0
12.5631        2
12.5681        1
12.5731        0
12.5781        0
12.5831        1
12.5881        0
12.5931        2
12.5981        0
12.6031        1
12.6081        0
12.6131        0
12.6181        2
12.6231        1
12.6281        0
12.6331        0
12.6381        3
12.6431        0
12.6481        1
12.6531        0
12.6581        0
12.6631        1
12.6681        1
12.6732        0
12.6782        0
12.6832        0
12.6882        0
12.6932        0
12.6982        2
12.7032        3
12.7082        1
12.7132        0
12.7182        0
12.7232        0
12.7282        1
12.7332        1
12.7382        1
12.7432        0
12.7482        0
12.7532        0
12.7582        0
12.7632        1
12.7682        1
12.7732        1
12.7782        1
12.7832        0
12.7882        0
12.7932        0
12.7982        1
12.8032        2
12.8082        1
12.8132        0
12.8182        2
12.8232        1
12.8282        1
12.8332        0
12.8382        0
12.8432        1
12.8482        0
12.8532        0
12.8582        0
12.8632        2
12.8682        0
12.8732        1
12.8782        1
12.8832        1
12.8882        0
12.8932        0
12.8982        0
12.9032        2
12.9082        1
12.9132        1
12.9182        0
12.9232        0
12.9282        1
12.9332        0
12.9382        0
12.9432        2
12.9482        0
12.9532        0
12.9582        2
12.9632        1
12.9682        0
12.9732        1
12.9782        1
12.9832        1
12.9882        1
12.9932        0
12.9982        0
13.0032        0
13.0083        0
13.0133        0
13.0183        0
13.0233        0
13.0283        0
13.0333        0
13.0383        0
13.0433        1
13.0483        0
13.0533        0
13.0583        2
13.0633        1
13.0683        0
13.0733        0
13.0783        1
13.0833        0
13.0883        0
13.0933        0
13.0983        0
13.1033        0
13.1083        1
13.1133        3
13.1183        1
13.1233        1
13.1283        1
13.1333        0
13.1383        0
13.1433        0
13.1483        1
13.1533        0
13.1583        0
13.1633        0
13.1683        1
13.1733        0
13.1783        0
13.1833        0
13.1883        0
13.1933        0
13.1983        1
13.2033        0
13.2083        1
13.2133        0
13.2183        1
13.2233        1
13.2283        1
13.2333        0
13.2383        0
13.2433        0
13.2483        0
13.2533        1
13.2583        0
13.2633        0
13.2683        0
13.2733        0
13.2783        1
13.2833        1
13.2883        0
13.2933        1
13.2983        0
13.3033        0
13.3083        1
13.3133        0
13.3183        1
13.3233        3
13.3283        2
13.3333        1
13.3384        0
13.3434        0
13.3484        0
13.3534        0
13.3584        0
13.3634        0
13.3684        0
13.3734        0
13.3784        1
13.3834        0
13.3884        0
13.3934        0
13.3984        1
13.4034        0
13.4084        1
13.4134        0
13.4184        0
13.4234        0
13.4284        0
13.4334        0
13.4384        1
13.4434        0
13.4484        0
13.4534        0
13.4584        1
13.4634        1
13.4684        0
13.4734        2
13.4784        1
13.4834        0
13.4884        0
13.4934        1
13.4984        0
13.5034        0
13.5084        0
13.5134        0
13.5184        0
13.5234        0
13.5284        2
13.5334        0
13.5384        1
13.5434        0
13.5484        0
13.5534        1
13.5584        0
13.5634        0
13.5684        0
13.5734        0
13.5784        0
13.5834        0
13.5884        0
13.5934        0
13.5984        0
13.6034        0
13.6084        1
13.6134        1
13.6184        0
13.6234        0
13.6284        1
13.6334        0
13.6384        0
13.6434        1
13.6484        0
13.6534        1
13.6584        0
13.6634        1
13.6684        0
13.6735        0
13.6785        0
13.6835        0
13.6885        0
13.6935        0
13.6985        0
13.7035        1
13.7085        0
13.7135        0
13.7185        1
13.7235        0
13.7285        0
13.7335        0
13.7385        0
13.7435        1
13.7485        0
13.7535        1
13.7585        0
13.7635        0
13.7685        0
13.7735        2
13.7785        0
13.7835        0
13.7885        0
13.7935        0
13.7985        0
13.8035        0
13.8085        0
13.8135        0
13.8185        0
13.8235        0
13.8285        1
13.8335        0
13.8385        0
13.8435        1
13.8485        0
13.8535        0
13.8585        0
13.8635        0
13.8685        1
13.8735        0
13.8785        0
13.8835        0
13.8885        0
13.8935        0
13.8985        0
13.9035        0
13.9085        0
13.9135        0
13.9185        1
13.9235        0
13.9285        1
13.9335        0
13.9385        0
13.9435        0
13.9485        1
13.9535        0
13.9585        0
13.9635        0
13.9685        1
13.9735        1
13.9785        0
13.9835        0
13.9885        0
13.9935        0
13.9985        1
14.0035        0
14.0086        0
14.0136        1
14.0186        0
14.0236        0
14.0286        1
14.0336        0
14.0386        0
14.0436        1
14.0486        0
14.0536        0
14.0586        1
14.0636        0
14.0686        0
14.0736        0
14.0786        2
14.0836        0
14.0886        0
14.0936        1
14.0986        0
14.1036        0
14.1086        0
14.1136        0
14.1186        0
14.1236        0
14.1286        0
14.1336        0
14.1386        0
14.1436        0
14.1486        1
14.1536        1
14.1586        1
14.1636        0
14.1686        0
14.1736        0
14.1786        1
14.1836        0
14.1886        0
14.1936        1
14.1986        0
14.2036        0
14.2086        0
14.2136        0
14.2186        0
14.2236        0
14.2286        0
14.2336        0
14.2386        1
14.2436        0
14.2486        0
14.2536        1
14.2586        0
14.2636        0
14.2686        0
14.2736        0
14.2786        1
14.2836        1
14.2886        0
14.2936        0
14.2986        1
14.3036        0
14.3086        0
14.3136        0
14.3186        0
14.3236        2
14.3286        1
14.3336        0
14.3387        0
14.3437        1
14.3487        0
14.3537        0
14.3587        0
14.3637        1
14.3687        0
14.3737        0
14.3787        0
14.3837        0
14.3887        0
14.3937        0
14.3987        0
14.4037        2
14.4087        0
14.4137        0
14.4187        0
14.4237        1
14.4287        2
14.4337        1
14.4387        0
14.4437        1
14.4487        0
14.4537        0
14.4587        0
14.4637        1
14.4687        0
14.4737        0
14.4787        1
14.4837        0
14.4887        0
14.4937        1
14.4987        2
14.5037        1
14.5087        0
14.5137        1
14.5187        1
14.5237        1
14.5287        0
14.5337        0
14.5387        2
14.5437        1
14.5487        0
14.5537        0
14.5587        0
14.5637        0
14.5687        0
14.5737        0
14.5787        2
14.5837        0
14.5887        1
14.5937        0
14.5987        0
14.6037        0
14.6087        0
14.6137        1
14.6187        0
14.6237        0
14.6287        0
14.6337        1
14.6387        0
14.6437        0
14.6487        1
14.6537        0
14.6587        0
14.6637        0
14.6687        0
14.6738        0
14.6788        1
14.6838        0
14.6888        0
14.6938        0
14.6988        0
14.7038        0
14.7088        0
14.7138        0
14.7188        2
14.7238        0
14.7288        0
14.7338        0
14.7388        0
14.7438        0
14.7488        1
14.7538        0
14.7588        0
14.7638        2
14.7688        0
14.7738        0
14.7788        0
14.7838        0
14.7888        1
14.7938        0
14.7988        0
14.8038        1
14.8088        0
14.8138        1
14.8188        0
14.8238        0
14.8288        0
14.8338        1
14.8388        1
14.8438        1
14.8488        1
14.8538        1
14.8588        1
14.8638        0
14.8688        0
14.8738        0
14.8788        0
14.8838        0
14.8888        0
14.8938        0
14.8988        1
14.9038        1
14.9088        1
14.9138        1
14.9188        0
14.9238        0
14.9288        0
14.9338        1
14.9388        0
14.9438        3
14.9488        0
14.9538        2
14.9588        1
14.9638        0
14.9688        0
14.9738        0
14.9788        0
14.9838        1
14.9888        0
14.9938        1
14.9988        0
15.0038        0
15.0089        1
15.0139        0
15.0189        0
15.0239        0
15.0289        0
15.0339        0
15.0389        1
15.0439        1
15.0489        1
15.0539        0
15.0589        0
15.0639        0
15.0689        0
15.0739        0
15.0789        2
15.0839        0
15.0889        0
15.0939        1
15.0989        0
15.1039        1
15.1089        1
15.1139        0
15.1189        0
15.1239        0
15.1289        1
15.1339        0
15.1389        0
15.1439        0
15.1489        0
15.1539        0
15.1589        0
15.1639        0
15.1689        0
15.1739        0
15.1789        1
15.1839        1
15.1889        0
15.1939        0
15.1989        1
15.2039        0
15.2089        0
15.2139        0
15.2189        0
15.2239        0
15.2289        1
15.2339        0
15.2389        0
15.2439        0
15.2489        0
15.2539        0
15.2589        0
15.2639        1
15.2689        0
15.2739        0
15.2789        0
15.2839        0
15.2889        1
15.2939        1
15.2989        0
15.3039        0
15.3089        0
15.3139        0
15.3189        0
15.3239        0
15.3289        0
15.3339        0
 15.339        0
 15.344        0
 15.349        1
 15.354        0
 15.359        0
 15.364        1
 15.369        1
 15.374        0
 15.379        0
 15.384        0
 15.389        0
 15.394        0
 15.399        0
 15.404        0
 15.409        1
 15.414        0
 15.419        1
 15.424        1
 15.429        0
 15.434        0
 15.439        0
 15.444        2
 15.449        0
 15.454        3
 15.459        0
 15.464        0
 15.469        2
 15.474        1
 15.479        0
 15.484        0
 15.489        0
 15.494        0
 15.499        1
 15.504        0
 15.509        0
 15.514        0
 15.519        1
 15.524        0
 15.529        2
 15.534        3
 15.539        3
 15.544        2
 15.549        3
 15.554        2
 15.559        0
 15.564        3
 15.569        3
 15.574        0
 15.579        1
 15.584        3
 15.589        2
 15.594        1
 15.599        4
 15.604        0
 15.609        2
 15.614        1
 15.619        5
 15.624        0
 15.629        5
 15.634        5
 15.639        2
 15.644        3
 15.649        3
 15.654        4
 15.659        2
 15.664        3
 15.669        1
15.6741        4
15.6791        0
15.6841        5
15.6891        5
15.6941        2
15.6991        7
15.7041        4
15.7091        4
15.7141        2
15.7191        5
15.7241        2
15.7291        5
15.7341        2
15.7391        6
15.7441        3
15.7491        1
15.7541        2
15.7591        3
15.7641        1
15.7691        4
15.7741        1
15.7791        4
15.7841        1
15.7891        2
15.7941        3
15.7991        1
15.8041        1
15.8091        4
15.8141        2
15.8191        1
15.8241        0
15.8291        1
15.8341        1
15.8391        1
15.8441        5
15.8491        0
15.8541        0
15.8591        3
15.8641        1
15.8691        0
15.8741        0
15.8791        0
15.8841        2
15.8891        0
15.8941        2
15.8991        0
15.9041        2
15.9091        0
15.9141        1
15.9191        0
15.9241        0
15.9291        0
15.9341        1
15.9391        0
15.9441        1
15.9491        1
15.9541        1
15.9591        1
15.9641        0
15.9691        1
15.9741        0
15.9791        1
15.9841        0
15.9891        0
15.9941        2
15.9991        0
16.0041        0
16.0092        0
16.0142        0
16.0192        0
16.0242        0
16.0292        0
16.0342        1
16.0392        2
16.0442        2
16.0492        2
16.0542        0
16.0592        1
16.0642        0
16.0692        1
16.0742        0
16.0792        1
16.0842        0
16.0892        0
16.0942        1
16.0992        1
16.1042        0
16.1092        1
16.1142        1
16.1192        2
16.1242        2
16.1292        0
16.1342        2
16.1392        1
16.1442        1
16.1492        2
16.1542        1
16.1592        0
16.1642        3
16.1692        1
16.1742        0
16.1792        2
16.1842        0
16.1892        1
16.1942        0
16.1992        0
16.2042        0
16.2092        0
16.2142        0
16.2192        1
16.2242        0
16.2292        0
16.2342        1
16.2392        0
16.2442        1
16.2492        1
16.2542        0
16.2592        0
16.2642        0
16.2692        1
16.2742        2
16.2792        0
16.2842        0
16.2892        0
16.2942        0
16.2992        0
16.3042        0
16.3092        1
16.3142        0
16.3192        1
16.3242        1
16.3292        0
16.3342        0
16.3393        0
16.3443        0
16.3493        0
16.3543        1
16.3593        1
16.3643        1
16.3693        0
16.3743        0
16.3793        1
16.3843        0
16.3893        0
16.3943        0
16.3993        1
16.4043        0
16.4093        1
16.4143        1
16.4193        0
16.4243        1
16.4293        0
16.4343        0
16.4393        0
16.4443        0
16.4493        1
16.4543        0
16.4593        2
16.4643        0
16.4693        0
16.4743        1
16.4793        0
16.4843        2
16.4893        1
16.4943        0
16.4993        2
16.5043        0
16.5093        0
16.5143        0
16.5193        0
16.5243        1
16.5293        1
16.5343        2
16.5393        1
16.5443        0
16.5493        0
16.5543        0
16.5593        1
16.5643        0
16.5693        1
16.5743        1
16.5793        0
16.5843        0
16.5893        0
16.5943        0
16.5993        0
16.6043        0
16.6093        0
16.6143        0
16.6193        0
16.6243        0
16.6293        2
16.6343        1
16.6393        0
16.6443        1
16.6493        0
16.6543        1
16.6593        0
16.6643        0
16.6693        0
16.6744        0
16.6794        0
16.6844        1
16.6894        0
16.6944        1
16.6994        1
16.7044        0
16.7094        1
16.7144        0
16.7194        0
16.7244        0
16.7294        0
16.7344        0
16.7394        1
16.7444        1
16.7494        1
16.7544        0
16.7594        2
16.7644        1
16.7694        2
16.7744        0
16.7794        0
16.7844        1
16.7894        1
16.7944        0
16.7994        0
16.8044        0
16.8094        0
16.8144        0
16.8194        1
16.8244        1
16.8294        0
16.8344        0
16.8394        0
16.8444        0
16.8494        0
16.8544        0
16.8594        0
16.8644        0
16.8694        0
16.8744        1
16.8794        0
16.8844        0
16.8894        0
16.8944        2
16.8994        0
16.9044        2
16.9094        0
16.9144        1
16.9194        0
16.9244        0
16.9294        0
16.9344        1
16.9394        0
16.9444        0
16.9494        0
16.9544        2
16.9594        0
16.9644        1
16.9694        1
16.9744        0
16.9794        0
16.9844        1
16.9894        1
16.9944        1
16.9994        0
17.0044        0
17.0095        0
17.0145        1
17.0195        0
17.0245        0
17.0295        0
17.0345        0
17.0395        1
17.0445        1
17.0495        0
17.0545        0
17.0595        1
17.0645        0
17.0695        0
17.0745        1
17.0795        0
17.0845        1
17.0895        0
17.0945        0
17.0995        0
17.1045        0
17.1095        0
17.1145        0
17.1195        0
17.1245        1
17.1295        0
17.1345        1
17.1395        0
17.1445        1
17.1495        0
17.1545        0
17.1595        0
17.1645        1
17.1695        1
17.1745        1
17.1795        0
17.1845        0
17.1895        0
17.1945        0
17.1995        0
17.2045        0
17.2095        0
17.2145        1
17.2195        0
17.2245        0
17.2295        0
17.2345        0
17.2395        1
17.2445        0
17.2495        0
17.2545        0
17.2595        0
17.2645        1
17.2695        0
17.2745        1
17.2795        0
17.2845        0
17.2895        1
17.2945        0
17.2995        0
17.3045        0
17.3095        0
17.3145        0
17.3195        0
17.3245        0
17.3295        0
17.3345        0
17.3396        0
17.3446        0
17.3496        1
17.3546        0
17.3596        1
17.3646        1
17.3696        0
17.3746        0
17.3796        0
17.3846        0
17.3896        1
17.3946        0
17.3996        0
17.4046        0
17.4096        0
17.4146        0
17.4196        1
17.4246        0
17.4296        1
17.4346        1
17.4396        1
17.4446        0
17.4496        1
17.4546        0
17.4596        0
17.4646        0
17.4696        0
17.4746        0
17.4796        0
17.4846        2
17.4896        1
17.4946        1
17.4996        1
17.5046        0
17.5096        0
17.5146        0
17.5196        1
17.5246        2
17.5296        0
17.5346        4
17.5396        2
17.5446        0
17.5496        0
17.5546        2
17.5596        0
17.5646        2
17.5696        0
17.5746        0
17.5796        1
17.5846        2
17.5896        1
17.5946        3
17.5996        0
17.6046        0
17.6096        0
17.6146        0
17.6196        1
17.6246        2
17.6296        0
17.6346        2
17.6396        1
17.6446        0
17.6496        0
17.6546        0
17.6596        1
17.6646        1
17.6696        1
17.6747        1
17.6797        3
17.6847        0
17.6897        0
17.6947        0
17.6997        1
17.7047        0
17.7097        0
17.7147        0
17.7197        0
17.7247        1
17.7297        0
17.7347        2
17.7397        0
17.7447        1
17.7497        1
17.7547        0
17.7597        1
17.7647        0
17.7697        0
17.7747        1
17.7797        0
17.7847        1
17.7897        0
17.7947        1
17.7997        0
17.8047        0
17.8097        0
17.8147        0
17.8197        1
17.8247        0
17.8297        0
17.8347        1
17.8397        0
17.8447        0
17.8497        0
17.8547        1
17.8597        0
17.8647        0
17.8697        0
17.8747        0
17.8797        0
17.8847        1
17.8897        1
17.8947        0
17.8997        0
17.9047        0
17.9097        0
17.9147        1
17.9197        0
17.9247        0
17.9297        1
17.9347        0
17.9397        0
17.9447        2
17.9497        0
17.9547        0
17.9597        0
17.9647        0
17.9697        1
17.9747        0
17.9797        0
17.9847        0
17.9897        0
17.9947        0
17.9997        0
18.0047        0
18.0098        0
18.0148        0
18.0198        0
18.0248        1
18.0298        0
18.0348        0
18.0398        0
18.0448        0
18.0498        0
18.0548        0
18.0598        0
18.0648        0
18.0698        0
18.0748        0
18.0798        0
18.0848        0
18.0898        0
18.0948        0
18.0998        0
18.1048        0
18.1098        1
18.1148        0
18.1198        0
18.1248        0
18.1298        0
18.1348        0
18.1398        0
18.1448        0
18.1498        0
18.1548        2
18.1598        0
18.1648        1
18.1698        0
18.1748        0
18.1798        1
18.1848        0
18.1898        0
18.1948        0
18.1998        2
18.2048        0
18.2098        1
18.2148        1
18.2198        0
18.2248        0
18.2298        0
18.2348        0
18.2398        0
18.2448        1
18.2498        0
18.2548        0
18.2598        0
18.2648        0
18.2698        0
18.2748        1
18.2798        0
18.2848        0
18.2898        0
18.2948        1
18.2998        0
18.3048        1
18.3098        0
18.3148        0
18.3198        0
18.3248        0
18.3298        0
18.3348        1
18.3399        0
18.3449        2
18.3499        0
18.3549        0
18.3599        0
18.3649        0
18.3699        0
18.3749        1
18.3799        0
18.3849        0
18.3899        0
18.3949        0
18.3999        0
18.4049        0
18.4099        0
18.4149        0
18.4199        0
18.4249        0
18.4299        1
18.4349        0
18.4399        0
18.4449        0
18.4499        0
18.4549        0
18.4599        0
18.4649        0
18.4699        0
18.4749        1
18.4799        0
18.4849        1
18.4899        1
18.4949        0
18.4999        0
18.5049        1
18.5099        0
18.5149        1
18.5199        0
18.5249        0
18.5299        0
18.5349        0
18.5399        0
18.5449        0
18.5499        0
18.5549        0
18.5599        0
18.5649        0
18.5699        2
18.5749        0
18.5799        0
18.5849        0
18.5899        1
18.5949        0
18.5999        0
18.6049        0
18.6099        0
18.6149        1
18.6199        0
18.6249        1
18.6299        1
18.6349        0
18.6399        0
18.6449        1
18.6499        0
18.6549        0
18.6599        0
18.6649        0
18.6699        0
 18.675        0
  18.68        0
 18.685        1
  18.69        2
 18.695        0
   18.7        0
 18.705        1
  18.71        1
 18.715        0
  18.72        1
 18.725        0
  18.73        1
 18.735        0
  18.74        0
 18.745        0
  18.75        0
 18.755        0
  18.76        0
 18.765        0
  18.77        0
 18.775        1
  18.78        0
 18.785        1
  18.79        0
 18.795        0
   18.8        1
 18.805        0
  18.81        1
 18.815        0
  18.82        1
 18.825        0
  18.83        0
 18.835        0
  18.84        0
 18.845        0
  18.85        1
 18.855        0
  18.86        1
 18.865        0
  18.87        1
 18.875        0
  18.88        1
 18.885        2
  18.89        0
 18.895        2
   18.9        0
 18.905        0
  18.91        1
 18.915        0
  18.92        0
 18.925        1
  18.93        0
 18.935        0
  18.94        1
 18.945        1
  18.95        2
 18.955        0
  18.96        0
 18.965        1
  18.97        0
 18.975        1
  18.98        0
 18.985        2
  18.99        1
 18.995        0
     19        0
 19.005        1
19.0101        0
19.0151        0
19.0201        1
19.0251        0
19.0301        0
19.0351        1
19.0401        1
19.0451        0
19.0501        2
19.0551        0
19.0601        0
19.0651        0
19.0701        0
19.0751        0
19.0801        0
19.0851        2
19.0901        0
19.0951        1
19.1001        1
19.1051        0
19.1101        0
19.1151        0
19.1201        0
19.1251        0
19.1301        0
19.1351        0
19.1401        0
19.1451        1
19.1501        1
19.1551        0
19.1601        1
19.1651        0
19.1701        1
19.1751        0
19.1801        0
19.1851        0
19.1901        1
19.1951        0
19.2001        0
19.2051        1
19.2101        0
19.2151        0
19.2201        0
19.2251        1
19.2301        0
19.2351        0
19.2401        0
19.2451        0
19.2501        0
19.2551        1
19.2601        0
19.2651        0
19.2701        0
19.2751        2
19.2801        0
19.2851        0
19.2901        0
19.2951        1
19.3001        0
19.3051        0
19.3101        0
19.3151        0
19.3201        1
19.3251        0
19.3301        0
19.3351        0
19.3402        1
19.3452        1
19.3502        1
19.3552        0
19.3602        0
19.3652        1
19.3702        0
19.3752        0
19.3802        0
19.3852        0
19.3902        1
19.3952        0
19.4002        1
19.4052        0
19.4102        1
19.4152        2
19.4202        0
19.4252        0
19.4302        0
19.4352        0
19.4402        1
19.4452        0
19.4502        1
19.4552        0
19.4602        0
19.4652        0
19.4702        0
19.4752        1
19.4802        1
19.4852        1
19.4902        0
19.4952        0
19.5002        0
19.5052        0
19.5102        1
19.5152        0
19.5202        0
19.5252        0
19.5302        0
19.5352        0
19.5402        0
19.5452        1
19.5502        0
19.5552        0
19.5602        0
19.5652        1
19.5702        0
19.5752        0
19.5802        0
19.5852        0
19.5902        0
19.5952        0
19.6002        0
19.6052        0
19.6102        1
19.6152        0
19.6202        0
19.6252        0
19.6302        0
19.6352        0
19.6402        0
19.6452        0
19.6502        0
19.6552        0
19.6602        0
19.6652        1
19.6702        0
19.6753        1
19.6803        0
19.6853        0
19.6903        0
19.6953        0
19.7003        0
19.7053        0
19.7103        0
19.7153        0
19.7203        0
19.7253        0
19.7303        0
19.7353        0
19.7403        0
19.7453        0
19.7503        0
19.7553        0
19.7603        0
19.7653        0
19.7703        1
19.7753        0
19.7803        0
19.7853        1
19.7903        0
19.7953        2
19.8003        0
19.8053        0
19.8103        0
19.8153        1
19.8203        0
19.8253        0
19.8303        0
19.8353        1
19.8403        1
19.8453        2
19.8503        0
19.8553        1
19.8603        0
19.8653        1
19.8703        0
19.8753        0
19.8803        0
19.8853        0
19.8903        0
19.8953        0
19.9003        0
19.9053        1
19.9103        0
19.9153        0
19.9203        0
19.9253        0
19.9303        0
19.9353        2
19.9403        0
19.9453        1
19.9503        0
19.9553        1
19.9603        0
19.9653        0
19.9703        0
19.9753        0
19.9803        0
19.9853        0
19.9903        0
19.9953        0
20.0003        0
20.0053        0
