 0.0994        1
 0.1044        0
 0.1094       58
 0.1144      263
 0.1194     3232
 0.1244     3116
 0.1294     1839
 0.1344     1147
 0.1394      827
 0.1444      805
 0.1494      802
 0.1544      788
 0.1594      799
 0.1644      842
 0.1694      872
 0.1744      909
 0.1794      975
 0.1844      988
 0.1894      989
 0.1944     1016
 0.1994     1026
 0.2044     1039
 0.2094     1007
 0.2144      979
 0.2194      956
 0.2244      879
 0.2294      845
 0.2344      757
 0.2394      740
 0.2444      656
 0.2494      638
 0.2544      589
 0.2594      594
 0.2644      594
 0.2694      577
 0.2744      506
 0.2794      549
 0.2844      513
 0.2894      544
 0.2944      502
 0.2994      484
 0.3044      529
 0.3094      503
 0.3144      491
 0.3194      489
 0.3244      476
 0.3294      479
 0.3345      458
 0.3395      435
 0.3445      457
 0.3495      432
 0.3545      449
 0.3595      442
 0.3645      428
 0.3695      429
 0.3745      414
 0.3795      418
 0.3845      408
 0.3895      404
 0.3945      409
 0.3995      405
 0.4045      398
 0.4095      387
 0.4145      376
 0.4195      364
 0.4245      374
 0.4295      369
 0.4345      358
 0.4395      366
 0.4445      342
 0.4495      327
 0.4545      335
 0.4595      345
 0.4645      355
 0.4695      348
 0.4745      313
 0.4795      305
 0.4845      339
 0.4895      327
 0.4945      331
 0.4995      329
 0.5045      326
 0.5095      344
 0.5145      337
 0.5195      298
 0.5245      335
 0.5295      294
 0.5345      301
 0.5395      307
 0.5445      334
 0.5495      327
 0.5545      282
 0.5595      316
 0.5645      284
 0.5695      263
 0.5745      307
 0.5795      255
 0.5845      294
 0.5895      301
 0.5945      273
 0.5995      289
 0.6045      293
 0.6095      291
 0.6145      256
 0.6195      277
 0.6245      255
 0.6295      295
 0.6345      272
 0.6395      251
 0.6445      302
 0.6495      242
 0.6545      271
 0.6595      252
 0.6645      271
 0.6696      270
 0.6746      253
 0.6796      247
 0.6846      256
 0.6896      251
 0.6946      246
 0.6996      222
 0.7046      257
 0.7096      260
 0.7146      240
 0.7196      262
 0.7246      247
 0.7296      246
 0.7346      236
 0.7396      257
 0.7446      245
 0.7496      246
 0.7546      218
 0.7596      252
 0.7646      252
 0.7696      209
 0.7746      211
 0.7796      248
 0.7846      235
 0.7896      217
 0.7946      248
 0.7996      221
 0.8046      222
 0.8096      226
 0.8146      245
 0.8196      220
 0.8246      224
 0.8296      209
 0.8346      226
 0.8396      261
 0.8446      209
 0.8496      239
 0.8546      205
 0.8596      219
 0.8646      239
 0.8696      225
 0.8746      242
 0.8796      219
 0.8846      236
 0.8896      202
 0.8946      233
 0.8996      195
 0.9046      225
 0.9096      240
 0.9146      231
 0.9196      197
 0.9246      201
 0.9296      212
 0.9346      215
 0.9396      221
 0.9446      215
 0.9496      227
 0.9546      212
 0.9596      236
 0.9646      212
 0.9696      223
 0.9746      204
 0.9796      199
 0.9846      202
 0.9896      195
 0.9946      228
 0.9996      190
 1.0047      219
 1.0097      224
 1.0147      184
 1.0197      206
 1.0247      193
 1.0297      219
 1.0347      222
 1.0397      181
 1.0447      196
 1.0497      206
 1.0547      197
 1.0597      217
 1.0647      211
 1.0697      194
 1.0747      194
 1.0797      193
 1.0847      179
 1.0897      210
 1.0947      198
 1.0997      192
 1.1047      184
 1.1097      226
 1.1147      193
 1.1197      201
 1.1247      178
 1.1297      177
 1.1347      176
 1.1397      186
 1.1447      186
 1.1497      198
 1.1547      186
 1.1597      173
 1.1647      177
 1.1697      175
 1.1747      208
 1.1797      167
 1.1847      189
 1.1897      167
 1.1947      171
 1.1997      178
 1.2047      181
 1.2097      172
 1.2147      203
 1.2197      197
 1.2247      180
 1.2297      193
 1.2347      195
 1.2397      197
 1.2447      192
 1.2497      176
 1.2547      171
 1.2597      210
 1.2647      194
 1.2697      202
 1.2747      177
 1.2797      192
 1.2847      187
 1.2897      188
 1.2947      182
 1.2997      194
 1.3047      194
 1.3097      204
 1.3147      192
 1.3197      216
 1.3247      201
 1.3297      216
 1.3348      200
 1.3398      191
 1.3448      189
 1.3498      205
 1.3548      219
 1.3598      195
 1.3648      204
 1.3698      207
 1.3748      216
 1.3798      221
 1.3848      237
 1.3898      257
 1.3948      243
 1.3998      280
 1.4048      265
 1.4098      293
 1.4148      315
 1.4198      359
 1.4248      405
 1.4298      403
 1.4348      444
 1.4398      552
 1.4448      581
 1.4498      692
 1.4548      780
 1.4598      879
 1.4648      860
 1.4698      986
 1.4748     1110
 1.4798     1131
 1.4848     1158
 1.4898     1206
 1.4948     1251
 1.4998     1174
 1.5048     1240
 1.5098     1188
 1.5148     1092
 1.5198      992
 1.5248      994
 1.5298      947
 1.5348      852
 1.5398      857
 1.5448      752
 1.5498      639
 1.5548      604
 1.5598      566
 1.5648      513
 1.5698      433
 1.5748      418
 1.5798      357
 1.5848      316
 1.5898      306
 1.5948      277
 1.5998      247
 1.6048      228
 1.6098      197
 1.6148      172
 1.6198      185
 1.6248      185
 1.6298      171
 1.6348      201
 1.6398      172
 1.6448      175
 1.6498      164
 1.6548      159
 1.6598      175
 1.6648      187
 1.6699      155
 1.6749      165
 1.6799      164
 1.6849      163
 1.6899      136
 1.6949      178
 1.6999      167
 1.7049      166
 1.7099      175
 1.7149      187
 1.7199      154
 1.7249      181
 1.7299      177
 1.7349      166
 1.7399      158
 1.7449      150
 1.7499      164
 1.7549      159
 1.7599      176
 1.7649      153
 1.7699      157
 1.7749      150
 1.7799      181
 1.7849      167
 1.7899      165
 1.7949      158
 1.7999      164
 1.8049      182
 1.8099      167
 1.8149      189
 1.8199      168
 1.8249      147
 1.8299      181
 1.8349      181
 1.8399      161
 1.8449      189
 1.8499      166
 1.8549      173
 1.8599      170
 1.8649      197
 1.8699      161
 1.8749      181
 1.8799      194
 1.8849      160
 1.8899      159
 1.8949      159
 1.8999      210
 1.9049      187
 1.9099      170
 1.9149      148
 1.9199      198
 1.9249      151
 1.9299      182
 1.9349      162
 1.9399      168
 1.9449      177
 1.9499      187
 1.9549      186
 1.9599      158
 1.9649      181
 1.9699      180
 1.9749      176
 1.9799      168
 1.9849      201
 1.9899      186
 1.9949      176
 1.9999      200
  2.005      194
   2.01      193
  2.015      194
   2.02      205
  2.025      197
   2.03      213
  2.035      235
   2.04      199
  2.045      244
   2.05      225
  2.055      216
   2.06      199
  2.065      183
   2.07      187
  2.075      212
   2.08      213
  2.085      201
   2.09      188
  2.095      196
    2.1      204
  2.105      162
   2.11      184
  2.115      216
   2.12      204
  2.125      196
   2.13      179
  2.135      169
   2.14      186
  2.145      212
   2.15      188
  2.155      186
   2.16      188
  2.165      184
   2.17      158
  2.175      177
   2.18      217
  2.185      214
   2.19      171
  2.195      165
    2.2      163
  2.205      170
   2.21      198
  2.215      190
   2.22      173
  2.225      210
   2.23      181
  2.235      188
   2.24      151
  2.245      133
   2.25      168
  2.255      132
   2.26      165
  2.265      172
   2.27      164
  2.275      174
   2.28      178
  2.285      164
   2.29      157
  2.295      174
    2.3      142
  2.305      177
   2.31      196
  2.315      179
   2.32      169
  2.325      184
   2.33      160
 2.3351      169
 2.3401      173
 2.3451      173
 2.3501      161
 2.3551      162
 2.3601      185
 2.3651      198
 2.3701      187
 2.3751      152
 2.3801      178
 2.3851      148
 2.3901      176
 2.3951      187
 2.4001      194
 2.4051      178
 2.4101      186
 2.4151      170
 2.4201      180
 2.4251      193
 2.4301      178
 2.4351      162
 2.4401      164
 2.4451      197
 2.4501      151
 2.4551      168
 2.4601      181
 2.4651      212
 2.4701      171
 2.4751      209
 2.4801      183
 2.4851      145
 2.4901      151
 2.4951      125
 2.5001      153
 2.5051      183
 2.5101      161
 2.5151      164
 2.5201      188
 2.5251      163
 2.5301      196
 2.5351      159
 2.5401      160
 2.5451      181
 2.5501      158
 2.5551      177
 2.5601      174
 2.5651      155
 2.5701      176
 2.5751      179
 2.5801      179
 2.5851      152
 2.5901      181
 2.5951      137
 2.6001      173
 2.6051      174
 2.6101      191
 2.6151      173
 2.6201      168
 2.6251      184
 2.6301      171
 2.6351      178
 2.6401      184
 2.6451      203
 2.6501      185
 2.6551      193
 2.6601      191
 2.6651      177
 2.6702      192
 2.6752      165
 2.6802      163
 2.6852      153
 2.6902      165
 2.6952      187
 2.7002      172
 2.7052      187
 2.7102      192
 2.7152      144
 2.7202      157
 2.7252      188
 2.7302      176
 2.7352      155
 2.7402      176
 2.7452      204
 2.7502      194
 2.7552      166
 2.7602      199
 2.7652      185
 2.7702      197
 2.7752      165
 2.7802      189
 2.7852      181
 2.7902      197
 2.7952      179
 2.8002      191
 2.8052      172
 2.8102      172
 2.8152      161
 2.8202      200
 2.8252      157
 2.8302      187
 2.8352      183
 2.8402      152
 2.8452      193
 2.8502      172
 2.8552      161
 2.8602      155
 2.8652      161
 2.8702      161
 2.8752      194
 2.8802      184
 2.8852      160
 2.8902      210
 2.8952      168
 2.9002      178
 2.9052      152
 2.9102      181
 2.9152      203
 2.9202      171
 2.9252      212
 2.9302      174
 2.9352      190
 2.9402      173
 2.9452      185
 2.9502      172
 2.9552      193
 2.9602      173
 2.9652      189
 2.9702      188
 2.9752      160
 2.9802      174
 2.9852      194
 2.9902      177
 2.9952      172
 3.0002      190
 3.0053      158
 3.0103      200
 3.0153      190
 3.0203      194
 3.0253      195
 3.0303      169
 3.0353      178
 3.0403      198
 3.0453      184
 3.0503      192
 3.0553      176
 3.0603      183
 3.0653      200
 3.0703      164
 3.0753      160
 3.0803      143
 3.0853      200
 3.0903      196
 3.0953      189
 3.1003      189
 3.1053      193
 3.1103      205
 3.1153      210
 3.1203      185
 3.1253      178
 3.1303      200
 3.1353      205
 3.1403      179
 3.1453      181
 3.1503      190
 3.1553      193
 3.1603      182
 3.1653      200
 3.1703      198
 3.1753      170
 3.1803      226
 3.1853      202
 3.1903      200
 3.1953      191
 3.2003      227
 3.2053      193
 3.2103      185
 3.2153      220
 3.2203      185
 3.2253      219
 3.2303      221
 3.2353      204
 3.2403      244
 3.2453      207
 3.2503      234
 3.2553      215
 3.2603      233
 3.2653      207
 3.2703      199
 3.2753      227
 3.2803      198
 3.2853      220
 3.2903      199
 3.2953      229
 3.3003      208
 3.3053      226
 3.3103      218
 3.3153      235
 3.3203      222
 3.3253      268
 3.3303      232
 3.3354      238
 3.3404      225
 3.3454      247
 3.3504      219
 3.3554      253
 3.3604      252
 3.3654      245
 3.3704      257
 3.3754      276
 3.3804      225
 3.3854      266
 3.3904      261
 3.3954      271
 3.4004      281
 3.4054      238
 3.4104      263
 3.4154      292
 3.4204      291
 3.4254      260
 3.4304      263
 3.4354      302
 3.4404      323
 3.4454      310
 3.4504      349
 3.4554      337
 3.4604      295
 3.4654      301
 3.4704      351
 3.4754      341
 3.4804      342
 3.4854      340
 3.4904      337
 3.4954      363
 3.5004      364
 3.5054      353
 3.5104      370
 3.5154      371
 3.5204      355
 3.5254      361
 3.5304      344
 3.5354      396
 3.5404      390
 3.5454      404
 3.5504      425
 3.5554      435
 3.5604      453
 3.5654      434
 3.5704      477
 3.5754      482
 3.5804      477
 3.5854      463
 3.5904      459
 3.5954      516
 3.6004      524
 3.6054      497
 3.6104      588
 3.6154      581
 3.6204      570
 3.6254      534
 3.6304      562
 3.6354      612
 3.6404      582
 3.6454      613
 3.6504      620
 3.6554      689
 3.6604      648
 3.6654      727
 3.6705      714
 3.6755      771
 3.6805      773
 3.6855      795
 3.6905      824
 3.6955      764
 3.7005      772
 3.7055      832
 3.7105      807
 3.7155      786
 3.7205      803
 3.7255      839
 3.7305      883
 3.7355      865
 3.7405      870
 3.7455      889
 3.7505      868
 3.7555      929
 3.7605      953
 3.7655      886
 3.7705      991
 3.7755      997
 3.7805      973
 3.7855     1041
 3.7905     1003
 3.7955     1053
 3.8005     1065
 3.8055     1136
 3.8105     1069
 3.8155     1104
 3.8205     1200
 3.8255     1190
 3.8305     1240
 3.8355     1153
 3.8405     1260
 3.8455     1268
 3.8505     1306
 3.8555     1331
 3.8605     1430
 3.8655     1344
 3.8705     1387
 3.8755     1416
 3.8805     1432
 3.8855     1493
 3.8905     1411
 3.8955     1573
 3.9005     1583
 3.9055     1615
 3.9105     1573
 3.9155     1642
 3.9205     1681
 3.9255     1690
 3.9305     1742
 3.9355     1707
 3.9405     1841
 3.9455     1866
 3.9505     1937
 3.9555     1903
 3.9605     1990
 3.9655     2031
 3.9705     2005
 3.9755     2049
 3.9805     2056
 3.9855     2139
 3.9905     2077
 3.9955     2042
 4.0005     2178
 4.0056     2274
 4.0106     2280
 4.0156     2214
 4.0206     2477
 4.0256     2313
 4.0306     2489
 4.0356     2486
 4.0406     2555
 4.0456     2543
 4.0506     2566
 4.0556     2523
 4.0606     2613
 4.0656     2667
 4.0706     2683
 4.0756     2812
 4.0806     2878
 4.0856     2946
 4.0906     2955
 4.0956     2996
 4.1006     3025
 4.1056     3057
 4.1106     3148
 4.1156     2932
 4.1206     3222
 4.1256     3122
 4.1306     3304
 4.1356     3200
 4.1406     3306
 4.1456     3381
 4.1506     3340
 4.1556     3554
 4.1606     3471
 4.1656     3642
 4.1706     3537
 4.1756     3767
 4.1806     3774
 4.1856     3774
 4.1906     3895
 4.1956     3995
 4.2006     3850
 4.2056     4053
 4.2106     4104
 4.2156     4005
 4.2206     4222
 4.2256     4248
 4.2306     4289
 4.2356     4433
 4.2406     4482
 4.2456     4512
 4.2506     4556
 4.2556     4614
 4.2606     4580
 4.2656     4756
 4.2706     4880
 4.2756     4840
 4.2806     4935
 4.2856     4929
 4.2906     4954
 4.2956     5179
 4.3006     5084
 4.3056     5124
 4.3106     5224
 4.3156     5216
 4.3206     5267
 4.3256     5510
 4.3306     5511
 4.3357     5478
 4.3407     5596
 4.3457     5582
 4.3507     5724
 4.3557     5938
 4.3607     5752
 4.3657     5944
 4.3707     5984
 4.3757     6099
 4.3807     6119
 4.3857     6100
 4.3907     6337
 4.3957     6301
 4.4007     6499
 4.4057     6372
 4.4107     6481
 4.4157     6645
 4.4207     6902
 4.4257     6866
 4.4307     6765
 4.4357     7011
 4.4407     6967
 4.4457     6961
 4.4507     7163
 4.4557     7254
 4.4607     7165
 4.4657     7432
 4.4707     7409
 4.4757     7326
 4.4807     7623
 4.4857     7518
 4.4907     7744
 4.4957     7786
 4.5007     7725
 4.5057     7959
 4.5107     8114
 4.5157     7862
 4.5207     8296
 4.5257     8271
 4.5307     8220
 4.5357     8319
 4.5407     8486
 4.5457     8448
 4.5507     8550
 4.5557     8538
 4.5607     8618
 4.5657     8851
 4.5707     8896
 4.5757     8991
 4.5807     8949
 4.5857     9069
 4.5907     9078
 4.5957     9361
 4.6007     9424
 4.6057     9564
 4.6107     9465
 4.6157     9576
 4.6207     9771
 4.6257     9760
 4.6307     9642
 4.6357     9767
 4.6407     9870
 4.6457    10013
 4.6507    10171
 4.6557    10171
 4.6607    10201
 4.6657    10479
 4.6708    10341
 4.6758    10354
 4.6808    10598
 4.6858    10560
 4.6908    10750
 4.6958    10843
 4.7008    10782
 4.7058    10852
 4.7108    11016
 4.7158    11090
 4.7208    11158
 4.7258    11150
 4.7308    11420
 4.7358    11464
 4.7408    11552
 4.7458    11567
 4.7508    11807
 4.7558    11685
 4.7608    11808
 4.7658    11720
 4.7708    11816
 4.7758    12042
 4.7808    12168
 4.7858    12030
 4.7908    12174
 4.7958    12126
 4.8008    12379
 4.8058    12448
 4.8108    12533
 4.8158    12564
 4.8208    12605
 4.8258    12669
 4.8308    12838
 4.8358    12870
 4.8408    12958
 4.8458    13010
 4.8508    13014
 4.8558    13432
 4.8608    13122
 4.8658    13432
 4.8708    13386
 4.8758    13390
 4.8808    13451
 4.8858    13546
 4.8908    13617
 4.8958    13611
 4.9008    13792
 4.9058    13754
 4.9108    13835
 4.9158    14060
 4.9208    14065
 4.9258    14167
 4.9308    14095
 4.9358    14332
 4.9408    14501
 4.9458    14416
 4.9508    14595
 4.9558    14493
 4.9608    14471
 4.9658    14530
 4.9708    14702
 4.9758    14732
 4.9808    14769
 4.9858    14747
 4.9908    14925
 4.9958    14858
 5.0008    15097
 5.0059    15092
 5.0109    14837
 5.0159    15159
 5.0209    15105
 5.0259    15158
 5.0309    15420
 5.0359    15130
 5.0409    15409
 5.0459    15274
 5.0509    15522
 5.0559    15421
 5.0609    15174
 5.0659    15632
 5.0709    15467
 5.0759    15445
 5.0809    15883
 5.0859    15685
 5.0909    15662
 5.0959    15779
 5.1009    15977
 5.1059    16127
 5.1109    16057
 5.1159    15925
 5.1209    16065
 5.1259    16123
 5.1309    16188
 5.1359    16362
 5.1409    16113
 5.1459    16288
 5.1509    16078
 5.1559    16177
 5.1609    16418
 5.1659    16686
 5.1709    16611
 5.1759    16805
 5.1809    16423
 5.1859    16414
 5.1909    16625
 5.1959    16735
 5.2009    16572
 5.2059    16595
 5.2109    16843
 5.2159    16807
 5.2209    16891
 5.2259    16819
 5.2309    16930
 5.2359    17000
 5.2409    17007
 5.2459    17149
 5.2509    17156
 5.2559    17330
 5.2609    17081
 5.2659    17357
 5.2709    17566
 5.2759    17654
 5.2809    17674
 5.2859    18019
 5.2909    18142
 5.2959    18198
 5.3009    18648
 5.3059    18682
 5.3109    19145
 5.3159    19627
 5.3209    20150
 5.3259    20227
 5.3309    21329
  5.336    21384
  5.341    21922
  5.346    22672
  5.351    23721
  5.356    23891
  5.361    24529
  5.366    25222
  5.371    25705
  5.376    26435
  5.381    26934
  5.386    27252
  5.391    27808
  5.396    27561
  5.401    28125
  5.406    28300
  5.411    28129
  5.416    27853
  5.421    27723
  5.426    27630
  5.431    27540
  5.436    27084
  5.441    26480
  5.446    25610
  5.451    25273
  5.456    24606
  5.461    24083
  5.466    23165
  5.471    22774
  5.476    21951
  5.481    21489
  5.486    20928
  5.491    20481
  5.496    19925
  5.501    19518
  5.506    19024
  5.511    19164
  5.516    18672
  5.521    18194
  5.526    17997
  5.531    18025
  5.536    17452
  5.541    17466
  5.546    17615
  5.551    17376
  5.556    17445
  5.561    17327
  5.566    17300
  5.571    17216
  5.576    17170
  5.581    16998
  5.586    17015
  5.591    17016
  5.596    17147
  5.601    16872
  5.606    16915
  5.611    16774
  5.616    16772
  5.621    16612
  5.626    16819
  5.631    16950
  5.636    16782
  5.641    17050
  5.646    16663
  5.651    16562
  5.656    16664
  5.661    16647
  5.666    16597
 5.6711    16549
 5.6761    16473
 5.6811    16266
 5.6861    16342
 5.6911    16454
 5.6961    16350
 5.7011    16363
 5.7061    16296
 5.7111    16217
 5.7161    16339
 5.7211    16125
 5.7261    16129
 5.7311    15992
 5.7361    16021
 5.7411    15908
 5.7461    16013
 5.7511    15845
 5.7561    15821
 5.7611    15658
 5.7661    15654
 5.7711    15810
 5.7761    15786
 5.7811    15529
 5.7861    15412
 5.7911    15737
 5.7961    15628
 5.8011    15496
 5.8061    15628
 5.8111    15542
 5.8161    15386
 5.8211    15584
 5.8261    15440
 5.8311    15639
 5.8361    15697
 5.8411    15348
 5.8461    15776
 5.8511    15899
 5.8561    15695
 5.8611    15979
 5.8661    15804
 5.8711    15948
 5.8761    15971
 5.8811    16206
 5.8861    15952
 5.8911    16338
 5.8961    16392
 5.9011    16297
 5.9061    16463
 5.9111    16498
 5.9161    16400
 5.9211    16478
 5.9261    16331
 5.9311    16486
 5.9361    16290
 5.9411    16133
 5.9461    16197
 5.9511    15943
 5.9561    15824
 5.9611    15611
 5.9661    15487
 5.9711    15582
 5.9761    15332
 5.9811    14974
 5.9861    14636
 5.9911    14667
 5.9961    14339
 6.0011    14245
 6.0062    13758
 6.0112    13668
 6.0162    13411
 6.0212    13208
 6.0262    13082
 6.0312    12822
 6.0362    12775
 6.0412    12619
 6.0462    12542
 6.0512    12356
 6.0562    12051
 6.0612    11863
 6.0662    11930
 6.0712    11673
 6.0762    11509
 6.0812    11450
 6.0862    11369
 6.0912    11308
 6.0962    11196
 6.1012    11018
 6.1062    10909
 6.1112    10879
 6.1162    10607
 6.1212    10739
 6.1262    10846
 6.1312    10442
 6.1362    10613
 6.1412    10448
 6.1462    10435
 6.1512    10339
 6.1562    10242
 6.1612    10268
 6.1662     9952
 6.1712    10012
 6.1762     9974
 6.1812     9924
 6.1862     9661
 6.1912     9799
 6.1962     9462
 6.2012     9424
 6.2062     9316
 6.2112     9376
 6.2162     9207
 6.2212     9174
 6.2262     9032
 6.2312     8992
 6.2362     8801
 6.2412     8950
 6.2462     8785
 6.2512     8453
 6.2562     8450
 6.2612     8277
 6.2662     8254
 6.2712     8230
 6.2762     8246
 6.2812     8116
 6.2862     8129
 6.2912     7994
 6.2962     7914
 6.3012     7819
 6.3062     7686
 6.3112     7536
 6.3162     7653
 6.3212     7441
 6.3262     7452
 6.3312     7194
 6.3363     7388
 6.3413     7183
 6.3463     7037
 6.3513     6858
 6.3563     6805
 6.3613     6720
 6.3663     6669
 6.3713     6602
 6.3763     6436
 6.3813     6363
 6.3863     6346
 6.3913     6350
 6.3963     6149
 6.4013     6110
 6.4063     5916
 6.4113     6018
 6.4163     5841
 6.4213     5881
 6.4263     5541
 6.4313     5630
 6.4363     5530
 6.4413     5565
 6.4463     5402
 6.4513     5381
 6.4563     5299
 6.4613     5131
 6.4663     5107
 6.4713     5008
 6.4763     4927
 6.4813     4774
 6.4863     4768
 6.4913     4653
 6.4963     4683
 6.5013     4583
 6.5063     4446
 6.5113     4343
 6.5163     4408
 6.5213     4218
 6.5263     4217
 6.5313     4121
 6.5363     4062
 6.5413     3913
 6.5463     3924
 6.5513     3833
 6.5563     3711
 6.5613     3663
 6.5663     3629
 6.5713     3472
 6.5763     3444
 6.5813     3422
 6.5863     3295
 6.5913     3218
 6.5963     3076
 6.6013     3184
 6.6063     3027
 6.6113     2961
 6.6163     2835
 6.6213     2894
 6.6263     2830
 6.6313     2775
 6.6363     2679
 6.6413     2713
 6.6463     2583
 6.6513     2457
 6.6563     2468
 6.6613     2396
 6.6663     2258
 6.6714     2338
 6.6764     2277
 6.6814     2209
 6.6864     2092
 6.6914     2074
 6.6964     2036
 6.7014     1977
 6.7064     1968
 6.7114     1926
 6.7164     1889
 6.7214     1792
 6.7264     1746
 6.7314     1706
 6.7364     1675
 6.7414     1579
 6.7464     1544
 6.7514     1561
 6.7564     1569
 6.7614     1568
 6.7664     1451
 6.7714     1388
 6.7764     1333
 6.7814     1261
 6.7864     1239
 6.7914     1167
 6.7964     1270
 6.8014     1185
 6.8064     1169
 6.8114     1091
 6.8164     1047
 6.8214     1045
 6.8264      951
 6.8314      939
 6.8364      918
 6.8414      889
 6.8464      843
 6.8514      858
 6.8564      802
 6.8614      836
 6.8664      758
 6.8714      742
 6.8764      754
 6.8814      702
 6.8864      731
 6.8914      712
 6.8964      725
 6.9014      679
 6.9064      651
 6.9114      627
 6.9164      578
 6.9214      569
 6.9264      651
 6.9314      571
 6.9364      598
 6.9414      570
 6.9464      556
 6.9514      558
 6.9564      579
 6.9614      553
 6.9664      538
 6.9714      522
 6.9764      520
 6.9814      559
 6.9864      595
 6.9914      550
 6.9964      535
 7.0014      564
 7.0065      538
 7.0115      508
 7.0165      522
 7.0215      501
 7.0265      505
 7.0315      514
 7.0365      518
 7.0415      483
 7.0465      508
 7.0515      491
 7.0565      492
 7.0615      471
 7.0665      447
 7.0715      484
 7.0765      464
 7.0815      471
 7.0865      470
 7.0915      453
 7.0965      443
 7.1015      381
 7.1065      466
 7.1115      472
 7.1165      444
 7.1215      424
 7.1265      444
 7.1315      439
 7.1365      421
 7.1415      415
 7.1465      429
 7.1515      380
 7.1565      351
 7.1615      389
 7.1665      370
 7.1715      381
 7.1765      327
 7.1815      331
 7.1865      332
 7.1915      317
 7.1965      296
 7.2015      334
 7.2065      279
 7.2115      286
 7.2165      254
 7.2215      244
 7.2265      234
 7.2315      230
 7.2365      212
 7.2415      194
 7.2465      167
 7.2515      146
 7.2565      171
 7.2615      157
 7.2665      152
 7.2715      119
 7.2765      129
 7.2815      100
 7.2865      124
 7.2915       97
 7.2965      108
 7.3015      112
 7.3065       97
 7.3115      107
 7.3165       94
 7.3215       99
 7.3265      105
 7.3315       98
 7.3366       86
 7.3416       82
 7.3466       80
 7.3516      101
 7.3566       96
 7.3616      116
 7.3666      112
 7.3716      121
 7.3766      105
 7.3816      111
 7.3866      112
 7.3916      117
 7.3966      128
 7.4016      117
 7.4066      116
 7.4116      130
 7.4166      144
 7.4216      133
 7.4266      139
 7.4316      148
 7.4366      132
 7.4416      160
 7.4466      178
 7.4516      182
 7.4566      166
 7.4616      191
 7.4666      195
 7.4716      185
 7.4766      183
 7.4816      202
 7.4866      179
 7.4916      182
 7.4966      233
 7.5016      237
 7.5066      211
 7.5116      217
 7.5166      227
 7.5216      266
 7.5266      226
 7.5316      249
 7.5366      272
 7.5416      239
 7.5466      257
 7.5516      286
 7.5566      266
 7.5616      311
 7.5666      265
 7.5716      295
 7.5766      302
 7.5816      322
 7.5866      339
 7.5916      332
 7.5966      354
 7.6016      349
 7.6066      366
 7.6116      396
 7.6166      349
 7.6216      394
 7.6266      411
 7.6316      393
 7.6366      400
 7.6416      416
 7.6466      411
 7.6516      426
 7.6566      464
 7.6616      451
 7.6666      465
 7.6717      494
 7.6767      407
 7.6817      474
 7.6867      447
 7.6917      445
 7.6967      452
 7.7017      448
 7.7067      457
 7.7117      439
 7.7167      408
 7.7217      398
 7.7267      384
 7.7317      408
 7.7367      342
 7.7417      365
 7.7467      337
 7.7517      305
 7.7567      305
 7.7617      277
 7.7667      266
 7.7717      239
 7.7767      216
 7.7817      237
 7.7867      195
 7.7917      177
 7.7967      175
 7.8017      153
 7.8067      120
 7.8117      124
 7.8167       88
 7.8217      100
 7.8267       82
 7.8317       72
 7.8367       60
 7.8417       50
 7.8467       66
 7.8517       51
 7.8567       38
 7.8617       42
 7.8667       31
 7.8717       24
 7.8767       23
 7.8817       27
 7.8867       17
 7.8917       11
 7.8967       16
 7.9017       25
 7.9067       14
 7.9117       13
 7.9167        7
 7.9217       11
 7.9267       11
 7.9317        5
 7.9367        3
 7.9417        7
 7.9467        7
 7.9517        8
 7.9567        8
 7.9617        7
 7.9667        9
 7.9717        7
 7.9767        4
 7.9817        5
 7.9867        6
 7.9917        4
 7.9967        6
 8.0017        0
 8.0068        4
 8.0118        1
 8.0168        5
 8.0218        3
 8.0268        3
 8.0318        2
 8.0368        5
 8.0418        4
 8.0468        5
 8.0518        4
 8.0568        5
 8.0618        8
 8.0668        6
 8.0718        4
 8.0768        2
 8.0818        6
 8.0868        5
 8.0918        7
 8.0968        5
 8.1018        5
 8.1068        1
 8.1118        3
 8.1168        3
 8.1218        3
 8.1268        3
 8.1318        4
 8.1368        2
 8.1418        2
 8.1468        4
 8.1518        4
 8.1568        3
 8.1618        5
 8.1668        4
 8.1718        7
 8.1768        4
 8.1818        5
 8.1868        5
 8.1918        8
 8.1968        4
 8.2018        6
 8.2068        1
 8.2118        2
 8.2168        2
 8.2218        2
 8.2268        2
 8.2318        5
 8.2368        6
 8.2418        3
 8.2468        3
 8.2518        0
 8.2568        2
 8.2618        3
 8.2668        1
 8.2718        3
 8.2768        1
 8.2818        2
 8.2868        0
 8.2918        0
 8.2968        2
 8.3018        4
 8.3068        1
 8.3118        4
 8.3168        1
 8.3218        2
 8.3268        2
 8.3318        1
 8.3369        4
 8.3419        2
 8.3469        1
 8.3519        0
 8.3569        1
 8.3619        1
 8.3669        2
 8.3719        1
 8.3769        1
 8.3819        1
 8.3869        1
 8.3919        0
 8.3969        2
 8.4019        2
 8.4069        1
 8.4119        0
 8.4169        0
 8.4219        1
 8.4269        0
 8.4319        0
 8.4369        2
 8.4419        2
 8.4469        1
 8.4519        1
 8.4569        1
 8.4619        0
 8.4669        1
 8.4719        0
 8.4769        0
 8.4819        0
 8.4869        1
 8.4919        1
 8.4969        1
 8.5019        0
 8.5069        0
 8.5119        1
 8.5169        1
 8.5219        0
 8.5269        2
 8.5319        0
 8.5369        1
 8.5419        2
 8.5469        2
 8.5519        0
 8.5569        2
 8.5619        0
 8.5669        1
 8.5719        0
 8.5769        1
 8.5819        1
 8.5869        0
 8.5919        1
 8.5969        0
 8.6019        0
 8.6069        0
 8.6119        1
 8.6169        1
 8.6219        0
 8.6269        0
 8.6319        1
 8.6369        0
 8.6419        1
 8.6469        1
 8.6519        0
 8.6569        0
 8.6619        0
 8.6669        1
  8.672        0
  8.677        1
  8.682        1
  8.687        1
  8.692        1
  8.697        1
  8.702        0
  8.707        5
  8.712        1
  8.717        1
  8.722        0
  8.727        0
  8.732        0
  8.737        2
  8.742        0
  8.747        0
  8.752        0
  8.757        1
  8.762        0
  8.767        3
  8.772        1
  8.777        1
  8.782        1
  8.787        1
  8.792        0
  8.797        1
  8.802        2
  8.807        3
  8.812        1
  8.817        0
  8.822        2
  8.827        0
  8.832        0
  8.837        0
  8.842        2
  8.847        0
  8.852        0
  8.857        3
  8.862        1
  8.867        1
  8.872        0
  8.877        1
  8.882        0
  8.887        1
  8.892        0
  8.897        0
  8.902        1
  8.907        1
  8.912        1
  8.917        0
  8.922        1
  8.927        2
  8.932        3
  8.937        2
  8.942        0
  8.947        0
  8.952        0
  8.957        2
  8.962        3
  8.967        3
  8.972        1
  8.977        0
  8.982        1
  8.987        1
  8.992        2
  8.997        0
  9.002        3
 9.0071        2
 9.0121        2
 9.0171        3
 9.0221        1
 9.0271        1
 9.0321        4
 9.0371        1
 9.0421        2
 9.0471        2
 9.0521        0
 9.0571        2
 9.0621        2
 9.0671        3
 9.0721        4
 9.0771        3
 9.0821        2
 9.0871        1
 9.0921        1
 9.0971        2
 9.1021        1
 9.1071        1
 9.1121        1
 9.1171        2
 9.1221        3
 9.1271        0
 9.1321        3
 9.1371        1
 9.1421        0
 9.1471        4
 9.1521        4
 9.1571        1
 9.1621        1
 9.1671        1
 9.1721        1
 9.1771        0
 9.1821        1
 9.1871        3
 9.1921        1
 9.1971        3
 9.2021        2
 9.2071        2
 9.2121        1
 9.2171        2
 9.2221        1
 9.2271        1
 9.2321        1
 9.2371        5
 9.2421        1
 9.2471        1
 9.2521        2
 9.2571        1
 9.2621        2
 9.2671        1
 9.2721        1
 9.2771        1
 9.2821        2
 9.2871        1
 9.2921        1
 9.2971        2
 9.3021        0
 9.3071        0
 9.3121        3
 9.3171        1
 9.3221        1
 9.3271        3
 9.3321        0
 9.3372        0
 9.3422        1
 9.3472        0
 9.3522        1
 9.3572        1
 9.3622        0
 9.3672        0
 9.3722        2
 9.3772        1
 9.3822        0
 9.3872        0
 9.3922        1
 9.3972        0
 9.4022        1
 9.4072        0
 9.4122        2
 9.4172        0
 9.4222        0
 9.4272        1
 9.4322        0
 9.4372        2
 9.4422        1
 9.4472        2
 9.4522        0
 9.4572        3
 9.4622        1
 9.4672        1
 9.4722        2
 9.4772        0
 9.4822        1
 9.4872        0
 9.4922        2
 9.4972        1
 9.5022        3
 9.5072        1
 9.5122        0
 9.5172        0
 9.5222        0
 9.5272        0
 9.5322        2
 9.5372        1
 9.5422        1
 9.5472        0
 9.5522        1
 9.5572        3
 9.5622        1
 9.5672        0
 9.5722        0
 9.5772        0
 9.5822        1
 9.5872        0
 9.5922        0
 9.5972        0
 9.6022        1
 9.6072        0
 9.6122        1
 9.6172        2
 9.6222        0
 9.6272        3
 9.6322        1
 9.6372        1
 9.6422        1
 9.6472        0
 9.6522        0
 9.6572        0
 9.6622        1
 9.6672        0
 9.6723        1
 9.6773        0
 9.6823        1
 9.6873        1
 9.6923        0
 9.6973        0
 9.7023        2
 9.7073        1
 9.7123        1
 9.7173        0
 9.7223        1
 9.7273        1
 9.7323        0
 9.7373        0
 9.7423        2
 9.7473        1
 9.7523        0
 9.7573        0
 9.7623        3
 9.7673        1
 9.7723        1
 9.7773        1
 9.7823        1
 9.7873        1
 9.7923        0
 9.7973        0
 9.8023        0
 9.8073        0
 9.8123        0
 9.8173        1
 9.8223        1
 9.8273        1
 9.8323        0
 9.8373        1
 9.8423        0
 9.8473        0
 9.8523        1
 9.8573        1
 9.8623        2
 9.8673        1
 9.8723        0
 9.8773        0
 9.8823        1
 9.8873        0
 9.8923        2
 9.8973        1
 9.9023        0
 9.9073        0
 9.9123        0
 9.9173        1
 9.9223        0
 9.9273        2
 9.9323        0
 9.9373        0
 9.9423        0
 9.9473        0
 9.9523        0
 9.9573        0
 9.9623        0
 9.9673        1
 9.9723        0
 9.9773        0
 9.9823        1
 9.9873        1
 9.9923        0
 9.9973        0
10.0023        1
10.0074        0
10.0124        1
10.0174        0
10.0224        0
10.0274        1
10.0324        0
10.0374        1
10.0424        0
10.0474        1
10.0524        0
10.0574        1
10.0624        0
10.0674        0
10.0724        0
10.0774        2
10.0824        0
10.0874        0
10.0924        0
10.0974        2
10.1024        0
10.1074        0
10.1124        2
10.1174        1
10.1224        1
10.1274        1
10.1324        2
10.1374        0
10.1424        1
10.1474        0
10.1524        0
10.1574        1
10.1624        0
10.1674        0
10.1724        0
10.1774        0
10.1824        0
10.1874        0
10.1924        0
10.1974        0
10.2024        0
10.2074        1
10.2124        0
10.2174        0
10.2224        2
10.2274        0
10.2324        0
10.2374        0
10.2424        0
10.2474        0
10.2524        1
10.2574        0
10.2624        0
10.2674        1
10.2724        2
10.2774        2
10.2824        0
10.2874        0
10.2924        1
10.2974        0
10.3024        0
10.3074        0
10.3124        0
10.3174        0
10.3224        0
10.3274        0
10.3324        0
10.3375        0
10.3425        0
10.3475        1
10.3525        2
10.3575        0
10.3625        1
10.3675        0
10.3725        0
10.3775        0
10.3825        0
10.3875        0
10.3925        0
10.3975        0
10.4025        0
10.4075        1
10.4125        0
10.4175        0
10.4225        0
10.4275        1
10.4325        0
10.4375        0
10.4425        1
10.4475        0
10.4525        1
10.4575        1
10.4625        3
10.4675        0
10.4725        0
10.4775        0
10.4825        0
10.4875        0
10.4925        0
10.4975        0
10.5025        0
10.5075        0
10.5125        1
10.5175        0
10.5225        1
10.5275        0
10.5325        1
10.5375        2
10.5425        0
10.5475        1
10.5525        2
10.5575        0
10.5625        0
10.5675        0
10.5725        2
10.5775        0
10.5825        1
10.5875        0
10.5925        2
10.5975        0
10.6025        3
10.6075        0
10.6125        0
10.6175        0
10.6225        0
10.6275        0
10.6325        0
10.6375        0
10.6425        0
10.6475        0
10.6525        1
10.6575        1
10.6625        1
10.6675        1
10.6726        1
10.6776        0
10.6826        2
10.6876        1
10.6926        1
10.6976        0
10.7026        0
10.7076        1
10.7126        4
10.7176        1
10.7226        2
10.7276        4
10.7326        3
10.7376        4
10.7426        4
10.7476        3
10.7526        2
10.7576        6
10.7626        6
10.7676        4
10.7726        6
10.7776       12
10.7826        7
10.7876       11
10.7926       15
10.7976       14
10.8026       21
10.8076       25
10.8126       22
10.8176       25
10.8226       33
10.8276       33
10.8326       33
10.8376       41
10.8426       33
10.8476       43
10.8526       50
10.8576       52
10.8626       62
10.8676       46
10.8726       65
10.8776       56
10.8826       66
10.8876       65
10.8926       70
10.8976       69
10.9026       69
10.9076       70
10.9126       62
10.9176       71
10.9226       74
10.9276       77
10.9326       61
10.9376       64
10.9426       76
10.9476       71
10.9526       56
10.9576       74
10.9626       61
10.9676       59
10.9726       56
10.9776       40
10.9826       37
10.9876       45
10.9926       48
10.9976       40
11.0026       41
11.0077       40
11.0127       31
11.0177       32
11.0227       25
11.0277       16
11.0327       23
11.0377       15
11.0427       20
11.0477       22
11.0527       13
11.0577       11
11.0627       12
11.0677        7
11.0727        8
11.0777       11
11.0827        5
11.0877        4
11.0927        5
11.0977        5
11.1027        3
11.1077        0
11.1127        1
11.1177        4
11.1227        1
11.1277        3
11.1327        2
11.1377        2
11.1427        5
11.1477        2
11.1527        0
11.1577        2
11.1627        1
11.1677        3
11.1727        2
11.1777        1
11.1827        2
11.1877        4
11.1927        2
11.1977        4
11.2027        2
11.2077        7
11.2127        5
11.2177        0
11.2227        4
11.2277        5
11.2327        4
11.2377        6
11.2427        2
11.2477        6
11.2527        2
11.2577        2
11.2627        2
11.2677        3
11.2727        2
11.2777        1
11.2827        3
11.2877        4
11.2927        2
11.2977        2
11.3027        2
11.3077        1
11.3127        1
11.3177        2
11.3227        2
11.3277        0
11.3327        3
11.3378        0
11.3428        2
11.3478        1
11.3528        1
11.3578        1
11.3628        1
11.3678        0
11.3728        0
11.3778        1
11.3828        1
11.3878        0
11.3928        0
11.3978        0
11.4028        1
11.4078        0
11.4128        1
11.4178        0
11.4228        0
11.4278        1
11.4328        0
11.4378        0
11.4428        1
11.4478        0
11.4528        2
11.4578        1
11.4628        0
11.4678        0
11.4728        0
11.4778        0
11.4828        1
11.4878        0
11.4928        1
11.4978        0
11.5028        1
11.5078        0
11.5128        0
11.5178        0
11.5228        0
11.5278        0
11.5328        0
11.5378        2
11.5428        0
11.5478        0
11.5528        0
11.5578        0
11.5628        0
11.5678        2
11.5728        1
11.5778        0
11.5828        0
11.5878        0
11.5928        0
11.5978        1
11.6028        2
11.6078        0
11.6128        0
11.6178        0
11.6228        0
11.6278        1
11.6328        0
11.6378        0
11.6428        0
11.6478        0
11.6528        0
11.6578        1
11.6628        0
11.6678        1
11.6729        1
11.6779        0
11.6829        0
11.6879        0
11.6929        0
11.6979        0
11.7029        2
11.7079        0
11.7129        0
11.7179        0
11.7229        0
11.7279        1
11.7329        0
11.7379        0
11.7429        0
11.7479        1
11.7529        0
11.7579        0
11.7629        2
11.7679        0
11.7729        0
11.7779        1
11.7829        0
11.7879        1
11.7929        0
11.7979        0
11.8029        0
11.8079        0
11.8129        0
11.8179        1
11.8229        0
11.8279        1
11.8329        0
11.8379        0
11.8429        0
11.8479        0
11.8529        0
11.8579        1
11.8629        2
11.8679        0
11.8729        0
11.8779        0
11.8829        0
11.8879        0
11.8929        0
11.8979        0
11.9029        0
11.9079        1
11.9129        1
11.9179        0
11.9229        0
11.9279        0
11.9329        0
11.9379        0
11.9429        2
11.9479        1
11.9529        0
11.9579        0
11.9629        1
11.9679        0
11.9729        0
11.9779        1
11.9829        2
11.9879        0
11.9929        0
11.9979        1
12.0029        0
 12.008        0
 12.013        0
 12.018        0
 12.023        0
 12.028        0
 12.033        0
 12.038        0
 12.043        0
 12.048        0
 12.053        1
 12.058        0
 12.063        1
 12.068        0
 12.073        0
 12.078        0
 12.083        0
 12.088        1
 12.093        0
 12.098        0
 12.103        0
 12.108        1
 12.113        2
 12.118        0
 12.123        0
 12.128        1
 12.133        0
 12.138        0
 12.143        0
 12.148        0
 12.153        0
 12.158        0
 12.163        0
 12.168        1
 12.173        0
 12.178        0
 12.183        0
 12.188        0
 12.193        1
 12.198        0
 12.203        0
 12.208        0
 12.213        0
 12.218        0
 12.223        2
 12.228        0
 12.233        2
 12.238        2
 12.243        0
 12.248        1
 12.253        0
 12.258        0
 12.263        0
 12.268        0
 12.273        1
 12.278        0
 12.283        0
 12.288        0
 12.293        2
 12.298        1
 12.303        0
 12.308        0
 12.313        0
 12.318        1
 12.323        0
 12.328        1
 12.333        0
12.3381        0
12.3431        1
12.3481        0
12.3531        1
12.3581        2
12.3631        1
12.3681        0
12.3731        1
12.3781        0
12.3831        0
12.3881        3
12.3931        0
12.3981        0
12.4031        0
12.4081        1
12.4131        0
12.4181        0
12.4231        0
12.4281        0
12.4331        1
12.4381        1
12.4431        1
12.4481        0
12.4531        0
12.4581        1
12.4631        0
12.4681        0
12.4731        0
12.4781        1
12.4831        1
12.4881        1
12.4931        0
12.4981        0
12.5031        2
12.5081        0
12.5131        0
12.5181        0
12.5231        0
12.5281        0
12.5331        0
12.5381        0
12.5431        0
12.5481        0
12.5531        0
12.5581        0
12.5631        2
12.5681        0
12.5731        0
12.5781        1
12.5831        0
12.5881        0
12.5931        0
12.5981        0
12.6031        0
12.6081        2
12.6131        0
12.6181        0
12.6231        1
12.6281        0
12.6331        0
12.6381        0
12.6431        0
12.6481        1
12.6531        0
12.6581        1
12.6631        0
12.6681        0
12.6732        0
12.6782        0
12.6832        2
12.6882        1
12.6932        0
12.6982        0
12.7032        0
12.7082        1
12.7132        0
12.7182        1
12.7232        1
12.7282        0
12.7332        0
12.7382        0
12.7432        0
12.7482        0
12.7532        1
12.7582        1
12.7632        0
12.7682        3
12.7732        1
12.7782        1
12.7832        0
12.7882        0
12.7932        0
12.7982        0
12.8032        0
12.8082        1
12.8132        3
12.8182        0
12.8232        1
12.8282        1
12.8332        1
12.8382        0
12.8432        1
12.8482        1
12.8532        0
12.8582        0
12.8632        0
12.8682        1
12.8732        0
12.8782        0
12.8832        1
12.8882        0
12.8932        0
12.8982        1
12.9032        0
12.9082        0
12.9132        1
12.9182        0
12.9232        1
12.9282        0
12.9332        2
12.9382        1
12.9432        1
12.9482        1
12.9532        0
12.9582        0
12.9632        0
12.9682        1
12.9732        1
12.9782        0
12.9832        0
12.9882        1
12.9932        0
12.9982        1
13.0032        1
13.0083        1
13.0133        0
13.0183        0
13.0233        1
13.0283        0
13.0333        0
13.0383        1
13.0433        2
13.0483        1
13.0533        1
13.0583        0
13.0633        1
13.0683        0
13.0733        0
13.0783        1
13.0833        0
13.0883        0
13.0933        0
13.0983        3
13.1033        0
13.1083        0
13.1133        0
13.1183        0
13.1233        0
13.1283        0
13.1333        0
13.1383        1
13.1433        3
13.1483        0
13.1533        1
13.1583        0
13.1633        1
13.1683        1
13.1733        1
13.1783        1
13.1833        0
13.1883        0
13.1933        0
13.1983        0
13.2033        0
13.2083        0
13.2133        0
13.2183        1
13.2233        1
13.2283        0
13.2333        0
13.2383        1
13.2433        0
13.2483        0
13.2533        0
13.2583        1
13.2633        0
13.2683        0
13.2733        1
13.2783        1
13.2833        0
13.2883        1
13.2933        2
13.2983        0
13.3033        0
13.3083        0
13.3133        0
13.3183        0
13.3233        1
13.3283        0
13.3333        0
13.3384        0
13.3434        0
13.3484        0
13.3534        0
13.3584        0
13.3634        0
13.3684        0
13.3734        0
13.3784        0
13.3834        0
13.3884        0
13.3934        0
13.3984        0
13.4034        0
13.4084        0
13.4134        0
13.4184        0
13.4234        0
13.4284        0
13.4334        0
13.4384        0
13.4434        2
13.4484        1
13.4534        0
13.4584        1
13.4634        1
13.4684        0
13.4734        1
13.4784        0
13.4834        0
13.4884        0
13.4934        0
13.4984        0
13.5034        0
13.5084        0
13.5134        0
13.5184        0
13.5234        0
13.5284        0
13.5334        2
13.5384        1
13.5434        0
13.5484        0
13.5534        0
13.5584        0
13.5634        0
13.5684        0
13.5734        2
13.5784        0
13.5834        1
13.5884        0
13.5934        1
13.5984        0
13.6034        0
13.6084        0
13.6134        1
13.6184        1
13.6234        0
13.6284        0
13.6334        0
13.6384        0
13.6434        0
13.6484        0
13.6534        1
13.6584        1
13.6634        0
13.6684        0
13.6735        2
13.6785        0
13.6835        3
13.6885        1
13.6935        0
13.6985        0
13.7035        1
13.7085        0
13.7135        0
13.7185        0
13.7235        0
13.7285        0
13.7335        0
13.7385        1
13.7435        0
13.7485        0
13.7535        2
13.7585        0
13.7635        1
13.7685        1
13.7735        0
13.7785        1
13.7835        0
13.7885        0
13.7935        0
13.7985        1
13.8035        0
13.8085        0
13.8135        0
13.8185        0
13.8235        0
13.8285        0
13.8335        0
13.8385        0
13.8435        0
13.8485        0
13.8535        0
13.8585        1
13.8635        0
13.8685        0
13.8735        0
13.8785        0
13.8835        0
13.8885        0
13.8935        0
13.8985        1
13.9035        0
13.9085        2
13.9135        0
13.9185        0
13.9235        1
13.9285        0
13.9335        1
13.9385        2
13.9435        1
13.9485        0
13.9535        0
13.9585        0
13.9635        0
13.9685        1
13.9735        0
13.9785        0
13.9835        0
13.9885        1
13.9935        0
13.9985        0
14.0035        0
14.0086        0
14.0136        1
14.0186        0
14.0236        0
14.0286        0
14.0336        1
14.0386        0
14.0436        0
14.0486        1
14.0536        0
14.0586        0
14.0636        0
14.0686        0
14.0736        0
14.0786        0
14.0836        0
14.0886        0
14.0936        0
14.0986        0
14.1036        1
14.1086        0
14.1136        1
14.1186        0
14.1236        0
14.1286        0
14.1336        0
14.1386        0
14.1436        0
14.1486        0
14.1536        0
14.1586        0
14.1636        0
14.1686        2
14.1736        1
14.1786        1
14.1836        1
14.1886        0
14.1936        0
14.1986        0
14.2036        0
14.2086        0
14.2136        0
14.2186        0
14.2236        0
14.2286        0
14.2336        1
14.2386        0
14.2436        0
14.2486        1
14.2536        0
14.2586        0
14.2636        1
14.2686        0
14.2736        0
14.2786        1
14.2836        0
14.2886        0
14.2936        1
14.2986        1
14.3036        2
14.3086        0
14.3136        0
14.3186        0
14.3236        0
14.3286        1
14.3336        1
14.3387        2
14.3437        1
14.3487        1
14.3537        0
14.3587        0
14.3637        0
14.3687        0
14.3737        1
14.3787        0
14.3837        0
14.3887        1
14.3937        0
14.3987        0
14.4037        0
14.4087        0
14.4137        0
14.4187        0
14.4237        0
14.4287        0
14.4337        0
14.4387        0
14.4437        2
14.4487        0
14.4537        0
14.4587        0
14.4637        1
14.4687        0
14.4737        0
14.4787        0
14.4837        0
14.4887        0
14.4937        1
14.4987        1
14.5037        0
14.5087        2
14.5137        0
14.5187        0
14.5237        0
14.5287        0
14.5337        1
14.5387        0
14.5437        0
14.5487        0
14.5537        0
14.5587        0
14.5637        2
14.5687        1
14.5737        0
14.5787        0
14.5837        0
14.5887        0
14.5937        0
14.5987        0
14.6037        0
14.6087        0
14.6137        0
14.6187        0
14.6237        0
14.6287        0
14.6337        0
14.6387        1
14.6437        1
14.6487        0
14.6537        0
14.6587        0
14.6637        1
14.6687        0
14.6738        1
14.6788        1
14.6838        0
14.6888        0
14.6938        0
14.6988        1
14.7038        0
14.7088        0
14.7138        0
14.7188        1
14.7238        0
14.7288        0
14.7338        0
14.7388        0
14.7438        0
14.7488        0
14.7538        0
14.7588        0
14.7638        0
14.7688        1
14.7738        0
14.7788        0
14.7838        0
14.7888        0
14.7938        0
14.7988        1
14.8038        0
14.8088        0
14.8138        0
14.8188        0
14.8238        0
14.8288        0
14.8338        0
14.8388        1
14.8438        0
14.8488        0
14.8538        0
14.8588        0
14.8638        0
14.8688        0
14.8738        0
14.8788        0
14.8838        2
14.8888        1
14.8938        0
14.8988        0
14.9038        1
14.9088        0
14.9138        0
14.9188        0
14.9238        0
14.9288        0
14.9338        0
14.9388        0
14.9438        0
14.9488        0
14.9538        0
14.9588        0
14.9638        0
14.9688        0
14.9738        0
14.9788        0
14.9838        0
14.9888        1
14.9938        0
14.9988        0
15.0038        0
15.0089        0
15.0139        2
15.0189        0
15.0239        0
15.0289        1
15.0339        0
15.0389        1
15.0439        0
15.0489        0
15.0539        0
15.0589        1
15.0639        0
15.0689        1
15.0739        0
15.0789        0
15.0839        0
15.0889        0
15.0939        1
15.0989        0
15.1039        0
15.1089        0
15.1139        0
15.1189        0
15.1239        0
15.1289        2
15.1339        0
15.1389        0
15.1439        0
15.1489        0
15.1539        0
15.1589        0
15.1639        1
15.1689        1
15.1739        0
15.1789        0
15.1839        1
15.1889        2
15.1939        0
15.1989        0
15.2039        0
15.2089        1
15.2139        0
15.2189        1
15.2239        0
15.2289        1
15.2339        1
15.2389        1
15.2439        0
15.2489        0
15.2539        1
15.2589        0
15.2639        0
15.2689        2
15.2739        0
15.2789        0
15.2839        0
15.2889        1
15.2939        2
15.2989        0
15.3039        0
15.3089        0
15.3139        0
15.3189        0
15.3239        1
15.3289        0
15.3339        1
 15.339        0
 15.344        1
 15.349        0
 15.354        1
 15.359        1
 15.364        0
 15.369        0
 15.374        1
 15.379        0
 15.384        0
 15.389        1
 15.394        0
 15.399        0
 15.404        1
 15.409        0
 15.414        0
 15.419        0
 15.424        0
 15.429        0
 15.434        0
 15.439        0
 15.444        2
 15.449        0
 15.454        0
 15.459        1
 15.464        1
 15.469        0
 15.474        1
 15.479        0
 15.484        1
 15.489        0
 15.494        0
 15.499        0
 15.504        0
 15.509        0
 15.514        0
 15.519        0
 15.524        1
 15.529        1
 15.534        1
 15.539        0
 15.544        1
 15.549        1
 15.554        2
 15.559        0
 15.564        0
 15.569        1
 15.574        1
 15.579        0
 15.584        1
 15.589        2
 15.594        2
 15.599        2
 15.604        3
 15.609        1
 15.614        4
 15.619        4
 15.624        2
 15.629        2
 15.634        1
 15.639        3
 15.644        2
 15.649        1
 15.654        4
 15.659        2
 15.664        4
 15.669        1
15.6741        1
15.6791        4
15.6841        2
15.6891        2
15.6941        2
15.6991        5
15.7041        5
15.7091        2
15.7141        5
15.7191        3
15.7241        2
15.7291        4
15.7341        3
15.7391        2
15.7441        2
15.7491        1
15.7541        3
15.7591        1
15.7641        2
15.7691        2
15.7741        0
15.7791        2
15.7841        0
15.7891        3
15.7941        2
15.7991        2
15.8041        1
15.8091        3
15.8141        0
15.8191        5
15.8241        2
15.8291        2
15.8341        0
15.8391        1
15.8441        1
15.8491        1
15.8541        3
15.8591        2
15.8641        2
15.8691        2
15.8741        1
15.8791        1
15.8841        0
15.8891        0
15.8941        0
15.8991        2
15.9041        0
15.9091        0
15.9141        2
15.9191        1
15.9241        0
15.9291        1
15.9341        0
15.9391        0
15.9441        2
15.9491        0
15.9541        0
15.9591        0
15.9641        0
15.9691        1
15.9741        1
15.9791        0
15.9841        0
15.9891        1
15.9941        1
15.9991        1
16.0041        3
16.0092        0
16.0142        0
16.0192        1
16.0242        0
16.0292        0
16.0342        0
16.0392        1
16.0442        0
16.0492        0
16.0542        0
16.0592        0
16.0642        1
16.0692        0
16.0742        2
16.0792        0
16.0842        0
16.0892        0
16.0942        1
16.0992        1
16.1042        0
16.1092        0
16.1142        0
16.1192        1
16.1242        2
16.1292        1
16.1342        1
16.1392        0
16.1442        0
16.1492        2
16.1542        0
16.1592        0
16.1642        2
16.1692        0
16.1742        0
16.1792        0
16.1842        1
16.1892        0
16.1942        2
16.1992        2
16.2042        1
16.2092        0
16.2142        1
16.2192        0
16.2242        0
16.2292        0
16.2342        1
16.2392        0
16.2442        1
16.2492        1
16.2542        0
16.2592        1
16.2642        1
16.2692        1
16.2742        1
16.2792        0
16.2842        1
16.2892        0
16.2942        0
16.2992        1
16.3042        0
16.3092        0
16.3142        0
16.3192        0
16.3242        0
16.3292        0
16.3342        0
16.3393        1
16.3443        0
16.3493        1
16.3543        0
16.3593        0
16.3643        0
16.3693        0
16.3743        0
16.3793        0
16.3843        1
16.3893        0
16.3943        0
16.3993        0
16.4043        0
16.4093        0
16.4143        0
16.4193        0
16.4243        1
16.4293        0
16.4343        1
16.4393        0
16.4443        1
16.4493        1
16.4543        1
16.4593        1
16.4643        0
16.4693        0
16.4743        0
16.4793        0
16.4843        0
16.4893        0
16.4943        0
16.4993        0
16.5043        1
16.5093        0
16.5143        0
16.5193        0
16.5243        1
16.5293        0
16.5343        0
16.5393        1
16.5443        0
16.5493        0
16.5543        0
16.5593        0
16.5643        0
16.5693        0
16.5743        0
16.5793        0
16.5843        0
16.5893        0
16.5943        0
16.5993        0
16.6043        1
16.6093        0
16.6143        0
16.6193        0
16.6243        0
16.6293        0
16.6343        0
16.6393        0
16.6443        0
16.6493        0
16.6543        2
16.6593        0
16.6643        1
16.6693        1
16.6744        0
16.6794        1
16.6844        0
16.6894        0
16.6944        0
16.6994        0
16.7044        2
16.7094        1
16.7144        1
16.7194        0
16.7244        0
16.7294        1
16.7344        0
16.7394        0
16.7444        0
16.7494        0
16.7544        0
16.7594        0
16.7644        0
16.7694        0
16.7744        0
16.7794        0
16.7844        0
16.7894        0
16.7944        0
16.7994        0
16.8044        0
16.8094        0
16.8144        0
16.8194        1
16.8244        0
16.8294        1
16.8344        0
16.8394        0
16.8444        0
16.8494        1
16.8544        0
16.8594        1
16.8644        0
16.8694        1
16.8744        2
16.8794        0
16.8844        0
16.8894        0
16.8944        0
16.8994        0
16.9044        1
16.9094        0
16.9144        0
16.9194        1
16.9244        0
16.9294        0
16.9344        0
16.9394        0
16.9444        0
16.9494        1
16.9544        0
16.9594        0
16.9644        1
16.9694        1
16.9744        0
16.9794        0
16.9844        0
16.9894        0
16.9944        0
16.9994        1
17.0044        0
17.0095        0
17.0145        0
17.0195        0
17.0245        0
17.0295        1
17.0345        0
17.0395        0
17.0445        0
17.0495        0
17.0545        1
17.0595        1
17.0645        0
17.0695        0
17.0745        0
17.0795        0
17.0845        0
17.0895        1
17.0945        0
17.0995        2
17.1045        0
17.1095        0
17.1145        0
17.1195        0
17.1245        0
17.1295        1
17.1345        0
17.1395        0
17.1445        0
17.1495        1
17.1545        2
17.1595        1
17.1645        0
17.1695        1
17.1745        0
17.1795        1
17.1845        0
17.1895        1
17.1945        1
17.1995        0
17.2045        1
17.2095        0
17.2145        0
17.2195        0
17.2245        0
17.2295        0
17.2345        0
17.2395        0
17.2445        0
17.2495        2
17.2545        1
17.2595        2
17.2645        1
17.2695        0
17.2745        0
17.2795        0
17.2845        0
17.2895        1
17.2945        0
17.2995        0
17.3045        0
17.3095        0
17.3145        0
17.3195        1
17.3245        1
17.3295        0
17.3345        1
17.3396        0
17.3446        0
17.3496        0
17.3546        0
17.3596        0
17.3646        0
17.3696        0
17.3746        2
17.3796        0
17.3846        0
17.3896        0
17.3946        0
17.3996        0
17.4046        1
17.4096        0
17.4146        1
17.4196        0
17.4246        0
17.4296        0
17.4346        2
17.4396        0
17.4446        0
17.4496        1
17.4546        1
17.4596        0
17.4646        0
17.4696        0
17.4746        1
17.4796        1
17.4846        0
17.4896        0
17.4946        0
17.4996        0
17.5046        1
17.5096        0
17.5146        0
17.5196        2
17.5246        0
17.5296        0
17.5346        1
17.5396        0
17.5446        0
17.5496        0
17.5546        0
17.5596        1
17.5646        4
17.5696        2
17.5746        3
17.5796        0
17.5846        0
17.5896        0
17.5946        0
17.5996        0
17.6046        0
17.6096        0
17.6146        1
17.6196        0
17.6246        3
17.6296        0
17.6346        2
17.6396        0
17.6446        1
17.6496        0
17.6546        0
17.6596        1
17.6646        0
17.6696        0
17.6747        1
17.6797        0
17.6847        0
17.6897        1
17.6947        1
17.6997        0
17.7047        0
17.7097        1
17.7147        0
17.7197        1
17.7247        1
17.7297        2
17.7347        0
17.7397        1
17.7447        1
17.7497        0
17.7547        0
17.7597        0
17.7647        0
17.7697        0
17.7747        0
17.7797        1
17.7847        0
17.7897        0
17.7947        2
17.7997        0
17.8047        1
17.8097        1
17.8147        0
17.8197        0
17.8247        0
17.8297        0
17.8347        1
17.8397        1
17.8447        0
17.8497        1
17.8547        0
17.8597        1
17.8647        0
17.8697        0
17.8747        0
17.8797        0
17.8847        1
17.8897        0
17.8947        0
17.8997        0
17.9047        0
17.9097        0
17.9147        0
17.9197        0
17.9247        0
17.9297        0
17.9347        0
17.9397        0
17.9447        0
17.9497        0
17.9547        0
17.9597        0
17.9647        0
17.9697        1
17.9747        0
17.9797        0
17.9847        0
17.9897        0
17.9947        0
17.9997        1
18.0047        1
18.0098        0
18.0148        0
18.0198        1
18.0248        0
18.0298        0
18.0348        0
18.0398        0
18.0448        0
18.0498        0
18.0548        1
18.0598        0
18.0648        1
18.0698        0
18.0748        0
18.0798        0
18.0848        0
18.0898        0
18.0948        1
18.0998        0
18.1048        0
18.1098        0
18.1148        1
18.1198        0
18.1248        0
18.1298        0
18.1348        0
18.1398        0
18.1448        0
18.1498        1
18.1548        0
18.1598        0
18.1648        0
18.1698        0
18.1748        0
18.1798        0
18.1848        0
18.1898        0
18.1948        0
18.1998        0
18.2048        0
18.2098        0
18.2148        0
18.2198        0
18.2248        0
18.2298        0
18.2348        1
18.2398        0
18.2448        1
18.2498        2
18.2548        0
18.2598        1
18.2648        0
18.2698        0
18.2748        0
18.2798        0
18.2848        1
18.2898        0
18.2948        0
18.2998        2
18.3048        0
18.3098        0
18.3148        0
18.3198        0
18.3248        1
18.3298        1
18.3348        1
18.3399        0
18.3449        1
18.3499        0
18.3549        0
18.3599        0
18.3649        1
18.3699        0
18.3749        0
18.3799        0
18.3849        1
18.3899        0
18.3949        1
18.3999        0
18.4049        0
18.4099        0
18.4149        0
18.4199        0
18.4249        0
18.4299        0
18.4349        0
18.4399        0
18.4449        1
18.4499        1
18.4549        1
18.4599        0
18.4649        0
18.4699        0
18.4749        1
18.4799        0
18.4849        0
18.4899        0
18.4949        0
18.4999        0
18.5049        1
18.5099        1
18.5149        0
18.5199        0
18.5249        0
18.5299        0
18.5349        0
18.5399        0
18.5449        0
18.5499        0
18.5549        1
18.5599        1
18.5649        1
18.5699        0
18.5749        0
18.5799        0
18.5849        2
18.5899        0
18.5949        1
18.5999        0
18.6049        0
18.6099        0
18.6149        0
18.6199        0
18.6249        1
18.6299        0
18.6349        1
18.6399        0
18.6449        1
18.6499        1
18.6549        0
18.6599        0
18.6649        0
18.6699        0
 18.675        0
  18.68        0
 18.685        0
  18.69        0
 18.695        1
   18.7        0
 18.705        0
  18.71        1
 18.715        1
  18.72        0
 18.725        1
  18.73        0
 18.735        0
  18.74        0
 18.745        0
  18.75        1
 18.755        0
  18.76        0
 18.765        0
  18.77        0
 18.775        0
  18.78        0
 18.785        0
  18.79        0
 18.795        0
   18.8        1
 18.805        0
  18.81        1
 18.815        1
  18.82        0
 18.825        0
  18.83        0
 18.835        0
  18.84        0
 18.845        0
  18.85        0
 18.855        2
  18.86        0
 18.865        0
  18.87        0
 18.875        0
  18.88        0
 18.885        0
  18.89        0
 18.895        0
   18.9        1
 18.905        0
  18.91        0
 18.915        0
  18.92        0
 18.925        0
  18.93        0
 18.935        0
  18.94        2
 18.945        0
  18.95        0
 18.955        1
  18.96        1
 18.965        1
  18.97        0
 18.975        0
  18.98        0
 18.985        0
  18.99        0
 18.995        1
     19        0
 19.005        0
19.0101        0
19.0151        1
19.0201        0
19.0251        0
19.0301        2
19.0351        0
19.0401        0
19.0451        0
19.0501        1
19.0551        0
19.0601        0
19.0651        0
19.0701        0
19.0751        1
19.0801        0
19.0851        1
19.0901        0
19.0951        0
19.1001        0
19.1051        1
19.1101        0
19.1151        0
19.1201        0
19.1251        0
19.1301        0
19.1351        1
19.1401        0
19.1451        0
19.1501        0
19.1551        0
19.1601        1
19.1651        0
19.1701        0
19.1751        0
19.1801        0
19.1851        0
19.1901        0
19.1951        0
19.2001        0
19.2051        0
19.2101        1
19.2151        1
19.2201        0
19.2251        0
19.2301        0
19.2351        0
19.2401        0
19.2451        0
19.2501        0
19.2551        2
19.2601        0
19.2651        0
19.2701        0
19.2751        0
19.2801        0
19.2851        0
19.2901        1
19.2951        0
19.3001        0
19.3051        0
19.3101        0
19.3151        0
19.3201        2
19.3251        0
19.3301        0
19.3351        0
19.3402        0
19.3452        0
19.3502        1
19.3552        0
19.3602        0
19.3652        0
19.3702        0
19.3752        0
19.3802        0
19.3852        0
19.3902        0
19.3952        0
19.4002        0
19.4052        0
19.4102        0
19.4152        0
19.4202        1
19.4252        0
19.4302        0
19.4352        0
19.4402        0
19.4452        2
19.4502        0
19.4552        0
19.4602        0
19.4652        0
19.4702        0
19.4752        1
19.4802        0
19.4852        1
19.4902        0
19.4952        0
19.5002        0
19.5052        0
19.5102        0
19.5152        0
19.5202        0
19.5252        0
19.5302        0
19.5352        0
19.5402        1
19.5452        0
19.5502        1
19.5552        0
19.5602        0
19.5652        0
19.5702        1
19.5752        2
19.5802        0
19.5852        0
19.5902        0
19.5952        0
19.6002        0
19.6052        0
19.6102        0
19.6152        0
19.6202        0
19.6252        0
19.6302        1
19.6352        1
19.6402        0
19.6452        0
19.6502        0
19.6552        1
19.6602        0
19.6652        0
19.6702        0
19.6753        1
19.6803        2
19.6853        0
19.6903        0
19.6953        0
19.7003        2
19.7053        0
19.7103        0
19.7153        0
19.7203        0
19.7253        0
19.7303        0
19.7353        1
19.7403        0
19.7453        0
19.7503        0
19.7553        1
19.7603        0
19.7653        0
19.7703        0
19.7753        0
19.7803        0
19.7853        0
19.7903        3
19.7953        0
19.8003        0
19.8053        0
19.8103        0
19.8153        1
19.8203        0
19.8253        1
19.8303        0
19.8353        0
19.8403        1
19.8453        0
19.8503        0
19.8553        0
19.8603        0
19.8653        0
19.8703        0
19.8753        0
19.8803        1
19.8853        0
19.8903        0
19.8953        0
19.9003        0
19.9053        0
19.9103        0
19.9153        0
19.9203        0
19.9253        1
19.9303        0
19.9353        0
19.9403        0
19.9453        1
19.9503        0
19.9553        1
19.9603        0
19.9653        0
19.9703        0
19.9753        0
19.9803        0
19.9853        2
19.9903        0
19.9953        0
20.0003        1
20.0053        0
